# r/g(r)/dn[At1,At2]:      g(r)[ C, C]            dn(r)
          0.009      0.0000000000      0.0000000000
          0.028      0.0000000000      0.0000000000
          0.047      0.0000000000      0.0000000000
          0.065      0.0000000000      0.0000000000
          0.084      0.0000000000      0.0000000000
          0.102      0.0000000000      0.0000000000
          0.121      0.0000000000      0.0000000000
          0.140      0.0000000000      0.0000000000
          0.158      0.0000000000      0.0000000000
          0.177      0.0000000000      0.0000000000
          0.196      0.0000000000      0.0000000000
          0.214      0.0000000000      0.0000000000
          0.233      0.0000000000      0.0000000000
          0.251      0.0000000000      0.0000000000
          0.270      0.0000000000      0.0000000000
          0.289      0.0000000000      0.0000000000
          0.307      0.0000000000      0.0000000000
          0.326      0.0000000000      0.0000000000
          0.345      0.0000000000      0.0000000000
          0.363      0.0000000000      0.0000000000
          0.382      0.0000000000      0.0000000000
          0.400      0.0000000000      0.0000000000
          0.419      0.0000000000      0.0000000000
          0.438      0.0000000000      0.0000000000
          0.456      0.0000000000      0.0000000000
          0.475      0.0000000000      0.0000000000
          0.494      0.0000000000      0.0000000000
          0.512      0.0000000000      0.0000000000
          0.531      0.0000000000      0.0000000000
          0.549      0.0000000000      0.0000000000
          0.568      0.0000000000      0.0000000000
          0.587      0.0000000000      0.0000000000
          0.605      0.0000000000      0.0000000000
          0.624      0.0000000000      0.0000000000
          0.643      0.0000000000      0.0000000000
          0.661      0.0000000000      0.0000000000
          0.680      0.0000000000      0.0000000000
          0.698      0.0000000000      0.0000000000
          0.717      0.0000000000      0.0000000000
          0.736      0.0000000000      0.0000000000
          0.754      0.0000000000      0.0000000000
          0.773      0.0000000000      0.0000000000
          0.792      0.0000000000      0.0000000000
          0.810      0.0000000000      0.0000000000
          0.829      0.0000000000      0.0000000000
          0.847      0.0000000000      0.0000000000
          0.866      0.0000000000      0.0000000000
          0.885      0.0000000000      0.0000000000
          0.903      0.0000000000      0.0000000000
          0.922      0.0000000000      0.0000000000
          0.941      0.0000000000      0.0000000000
          0.959      0.0000000000      0.0000000000
          0.978      0.0000000000      0.0000000000
          0.996      0.0000000000      0.0000000000
          1.015      0.0000000000      0.0000000000
          1.034      0.0000000000      0.0000000000
          1.052      0.0000000000      0.0000000000
          1.071      0.0000000000      0.0000000000
          1.090      0.0000000000      0.0000000000
          1.108      0.0000000000      0.0000000000
          1.127      0.0000000000      0.0000000000
          1.145      0.0000000000      0.0000000000
          1.164      0.0000000000      0.0000000000
          1.183      0.0000000000      0.0000000000
          1.201      0.0000000000      0.0000000000
          1.220      0.0000000000      0.0000000000
          1.239      0.0000000000      0.0000000000
          1.257      0.0000000000      0.0000000000
          1.276      0.0000000000      0.0000000000
          1.294      0.0000000000      0.0000000000
          1.313      0.0369669438      0.0003265306
          1.332      1.1141446881      0.0104489796
          1.350      5.7239716393      0.0639183673
          1.369     12.7200637491      0.1860408163
          1.388     16.8499175187      0.3522448980
          1.406     13.8359541650      0.4924081633
          1.425      9.4736489434      0.5909387755
          1.443      7.1582273857      0.6673469388
          1.462      7.0441029365      0.7444897959
          1.481      7.8782248269      0.8329795918
          1.499      9.4841374546      0.9422040816
          1.518     10.4491958677      1.0655510204
          1.537      9.9544639385      1.1859591837
          1.555      8.9730076422      1.2971428571
          1.574      7.4431015479      1.3915918367
          1.592      6.0133132682      1.4697142857
          1.611      4.1070324822      1.5243265306
          1.630      2.7357920386      1.5615510204
          1.648      1.7242301701      1.5855510204
          1.667      0.9977867473      1.5997551020
          1.686      0.8019984557      1.6114285714
          1.704      0.7022674357      1.6218775510
          1.723      0.3274773079      1.6268571429
          1.741      0.2522045675      1.6307755102
          1.760      0.1080166482      1.6324897959
          1.779      0.0100729889      1.6326530612
          1.797      0.0000000000      1.6326530612
          1.816      0.0000000000      1.6326530612
          1.835      0.0000000000      1.6326530612
          1.853      0.0000000000      1.6326530612
          1.872      0.0000000000      1.6326530612
          1.890      0.0000000000      1.6326530612
          1.909      0.0000000000      1.6326530612
          1.928      0.0000000000      1.6326530612
          1.946      0.0000000000      1.6326530612
          1.965      0.0000000000      1.6326530612
          1.984      0.0000000000      1.6326530612
          2.002      0.0000000000      1.6326530612
          2.021      0.0000000000      1.6326530612
          2.039      0.0076619235      1.6328163265
          2.058      0.0752387458      1.6344489796
          2.077      0.1995171285      1.6388571429
          2.095      0.4573005381      1.6491428571
          2.114      0.6739168939      1.6645714286
          2.133      0.7532927676      1.6821224490
          2.151      0.5440383031      1.6950204082
          2.170      0.4196683715      1.7051428571
          2.188      0.2528566090      1.7113469388
          2.207      0.0817786247      1.7133877551
          2.226      0.0353828989      1.7142857143
          2.244      0.0000000000      1.7142857143
          2.263      0.0000000000      1.7142857143
          2.282      0.0091830244      1.7145306122
          2.300      0.0361396573      1.7155102041
          2.319      0.0859401351      1.7178775510
          2.337      0.1808177296      1.7229387755
          2.356      0.4391846877      1.7354285714
          2.375      0.7064094243      1.7558367347
          2.393      1.0988229468      1.7880816327
          2.412      1.4982514380      1.8327346939
          2.431      1.6210275477      1.8817959184
          2.449      1.9311672334      1.9411428571
          2.468      1.8105534413      1.9976326531
          2.486      2.1108550481      2.0644897959
          2.505      2.2522475456      2.1368979592
          2.524      2.5818928060      2.2211428571
          2.542      2.6625365734      2.3093061224
          2.561      2.5121889437      2.3937142857
          2.580      2.7011377837      2.4857959184
          2.598      2.8867904095      2.5856326531
          2.617      2.5503227443      2.6751020408
          2.635      2.1427488007      2.7513469388
          2.654      2.1082566221      2.8274285714
          2.673      1.9562894167      2.8990204082
          2.691      1.7423156030      2.9636734694
          2.710      1.5253401454      3.0210612245
          2.729      1.3569110963      3.0728163265
          2.747      1.0598809462      3.1137959184
          2.766      0.8894312788      3.1486530612
          2.784      0.7789225503      3.1795918367
          2.803      0.6185350485      3.2044897959
          2.822      0.5123328400      3.2253877551
          2.840      0.5214368926      3.2469387755
          2.859      0.5595033264      3.2703673469
          2.878      0.5734517100      3.2946938776
          2.896      0.6705813853      3.3235102041
          2.915      0.7520613725      3.3562448980
          2.933      0.7906865869      3.3911020408
          2.952      0.9379862307      3.4329795918
          2.971      1.0382073976      3.4799183673
          2.989      1.0681061501      3.5288163265
          3.008      1.1359320297      3.5814693878
          3.027      1.1515663345      3.6355102041
          3.045      1.2217203408      3.6935510204
          3.064      1.2629287948      3.7542857143
          3.082      1.1319976546      3.8093877551
          3.101      1.1267257073      3.8648979592
          3.120      0.9970695462      3.9146122449
          3.138      0.9723272531      3.9636734694
          3.157      1.0056550815      4.0150204082
          3.176      0.9907329360      4.0662040816
          3.194      1.0573000706      4.1214693878
          3.213      1.0620576583      4.1776326531
          3.231      1.0147534967      4.2319183673
          3.250      1.1087518557      4.2919183673
          3.269      1.2273925710      4.3591020408
          3.287      1.3241123225      4.4324081633
          3.306      1.2567487852      4.5027755102
          3.325      1.3205564435      4.5775510204
          3.343      1.3757399725      4.6563265306
          3.362      1.5635619552      4.7468571429
          3.380      1.3135167557      4.8237551020
          3.399      1.2770950872      4.8993469388
          3.418      1.2891328290      4.9764897959
          3.436      1.2873411219      5.0543673469
          3.455      1.4056544223      5.1403265306
          3.474      1.3536432574      5.2240000000
          3.492      1.2464758622      5.3018775510
          3.511      1.2384567747      5.3800816327
          3.529      1.2254205086      5.4582857143
          3.548      1.2417012600      5.5383673469
          3.567      1.1962002803      5.6163265306
          3.585      0.9805124465      5.6808979592
          3.604      1.0305176928      5.7494693878
          3.623      1.0053776826      5.8170612245
          3.641      0.9362289345      5.8806530612
          3.660      0.9576546139      5.9463673469
          3.678      0.9114753009      6.0095510204
          3.697      0.8743360684      6.0707755102
          3.716      0.7444097916      6.1234285714
          3.734      0.7758525499      6.1788571429
          3.753      0.7840094799      6.2354285714
          3.772      0.8311741718      6.2960000000
          3.790      0.9882960845      6.3687346939
          3.809      1.0566390425      6.4472653061
          3.827      1.0594330553      6.5267755102
          3.846      1.1429138483      6.6133877551
          3.865      1.0721809604      6.6954285714
          3.883      0.9615403484      6.7697142857
          3.902      0.8163281921      6.8333877551
          3.921      0.6800453792      6.8869387755
          3.939      0.5534855466      6.9309387755
          3.958      0.5025130567      6.9712653061
          3.976      0.5119248731      7.0127346939
          3.995      0.5441018398      7.0572244898
          4.014      0.5489549766      7.1025306122
          4.032      0.5154757538      7.1454693878
          4.051      0.5185146617      7.1890612245
          4.070      0.5580375517      7.2364081633
          4.088      0.5796593569      7.2860408163
          4.107      0.5451260710      7.3331428571
          4.125      0.6375848439      7.3887346939
          4.144      0.6995997666      7.4502857143
          4.163      0.7200208196      7.5142040816
          4.181      0.7354941076      7.5800816327
          4.200      0.7687317661      7.6495510204
          4.219      0.7959828572      7.7221224490
          4.237      0.8138510088      7.7969795918
          4.256      0.8137812936      7.8724897959
          4.274      0.8311241571      7.9502857143
          4.293      0.8343030754      8.0290612245
          4.312      0.8142542068      8.1066122449
          4.330      0.8777944069      8.1909387755
          4.349      0.8349073660      8.2718367347
          4.368      0.7476111240      8.3448979592
          4.386      0.7205694558      8.4159183673
          4.405      0.6890299430      8.4844081633
          4.423      0.7508308755      8.5596734694
          4.442      0.9004021765      8.6506938776
          4.461      0.8936996748      8.7417959184
          4.479      0.9379035555      8.8382040816
          4.498      1.0160004290      8.9435102041
          4.517      1.0248228627      9.0506122449
          4.535      1.0497353575      9.1612244898
          4.554      1.0934165409      9.2773877551
          4.572      1.1134883929      9.3966530612
          4.591      1.0039283164      9.5050612245
          4.610      0.9133460664      9.6044897959
          4.628      0.9833704522      9.7124081633
          4.647      0.9607455348      9.8186938776
          4.666      0.9077049833      9.9199183673
          4.684      0.7828549134     10.0079183673
          4.703      0.7716230812     10.0953469388
          4.721      0.7462478276     10.1805714286
          4.740      0.7269203132     10.2642448980
          4.759      0.7163157271     10.3473469388
          4.777      0.8203546599     10.4432653061
          4.796      0.8022183994     10.5377959184
          4.815      0.9060096961     10.6453877551
          4.833      0.8778945579     10.7504489796
          4.852      0.9496875709     10.8649795918
          4.870      0.9558726955     10.9811428571
          4.889      0.9092730126     11.0924897959
          4.908      1.0373453625     11.2204897959
          4.926      0.9592623907     11.3397551020
          4.945      0.9181645073     11.4547755102
          4.964      0.8951178662     11.5677551020
          4.982      0.8897217831     11.6808979592
          5.001      0.8920270523     11.7951836735
          5.019      0.9518259355     11.9180408163
          5.038      0.8449851919     12.0279183673
          5.057      0.9104353854     12.1471836735
          5.075      0.8753102437     12.2626938776
          5.094      0.8290060406     12.3728979592
          5.113      0.7906674677     12.4787755102
          5.131      0.8702705247     12.5961632653
          5.150      0.8988348870     12.7182857143
          5.168      0.8398762136     12.8332244898
          5.187      0.8220110814     12.9465306122
          5.206      0.7491079602     13.0505306122
          5.224      0.7344352645     13.1532244898
          5.243      0.7471963367     13.2584489796
          5.262      0.7632120841     13.3666938776
          5.280      0.7698393227     13.4766530612
          5.299      0.7354939161     13.5824489796
          5.317      0.8193902824     13.7011428571
          5.336      0.8545321667     13.8257959184
          5.355      0.8624911605     13.9524897959
          5.373      0.8791495897     14.0825306122
          5.392      0.9109038198     14.2182040816
          5.411      0.9519983133     14.3609795918
          5.429      1.0211592732     14.5151836735
          5.448      1.0888169136     14.6807346939
          5.466      1.0606136779     14.8431020408
          5.485      1.1397518957     15.0187755102
          5.504      1.1294206690     15.1940408163
          5.522      1.1176351428     15.3686530612
          5.541      1.0696525097     15.5368979592
          5.560      1.0764168536     15.7073469388
          5.578      1.0953572810     15.8819591837
          5.597      1.1104613669     16.0601632653
          5.615      1.0793574389     16.2345306122
          5.634      1.0752448837     16.4093877551
          5.653      1.0811365900     16.5863673469
          5.671      1.1003038841     16.7676734694
          5.690      1.1315017398     16.9553469388
          5.709      1.1676482997     17.1502857143
          5.727      1.1955288546     17.3511836735
          5.746      1.2968687374     17.5705306122
          5.764      1.2160925738     17.7775510204
          5.783      1.2335238126     17.9888979592
          5.802      1.1801708278     18.1924081633
          5.820      1.1453484260     18.3911836735
          5.839      1.1576829036     18.5933877551
          5.858      1.2148849329     18.8069387755
          5.876      1.2293461954     19.0244081633
          5.895      1.1931596937     19.2368163265
          5.913      1.1209503078     19.4376326531
          5.932      1.1342990591     19.6421224490
          5.951      1.1065104529     19.8428571429
          5.969      1.0155464350     20.0282448980
          5.988      0.9834633522     20.2088979592
          6.007      1.0272803862     20.3987755102
          6.025      0.9748520616     20.5800816327
          6.044      1.0024422212     20.7676734694
          6.063      1.0621915171     20.9676734694
          6.081      1.0944755841     21.1750204082
          6.100      1.1464747568     21.3935510204
          6.118      1.1876054771     21.6213061224
          6.137      1.2142547115     21.8555918367
          6.156      1.2384575124     22.0960000000
          6.174      1.2681985532     22.3436734694
          6.193      1.1218097474     22.5640816327
          6.212      1.1097233807     22.7834285714
          6.230      1.1318353925     23.0084897959
          6.249      1.0700064326     23.2225306122
          6.267      1.1050341973     23.4448979592
          6.286      1.0884139120     23.6652244898
          6.305      1.0555341019     23.8801632653
          6.323      1.1214587237     24.1098775510
          6.342      1.1426146371     24.3453061224
          6.361      1.0910310599     24.5714285714
          6.379      1.0791872974     24.7964081633
          6.398      1.0631804506     25.0193469388
          6.416      1.0078625179     25.2319183673
          6.435      1.0466743205     25.4539591837
          6.454      0.9909050837     25.6653877551
          6.472      1.0129787166     25.8827755102
          6.491      1.0204110531     26.1030204082
          6.510      1.0115717568     26.3226122449
          6.528      0.9732779865     26.5351020408
          6.547      0.9662608857     26.7472653061
          6.565      0.9223400940     26.9509387755
          6.584      0.9017192466     27.1510204082
          6.603      0.8813763276     27.3462857143
          6.621      0.9094220365     27.5471836735
          6.640      0.9413667946     27.7545306122
          6.659      0.9820804379     27.9702040816
          6.677      0.9958528291     28.1882448980
          6.696      0.9996439619     28.4064489796
          6.714      1.0458815820     28.6340408163
          6.733      0.9456795361     28.8391836735
          6.752      0.9717182566     29.0493061224
          6.770      0.9987136610     29.2645714286
          6.789      1.0635347661     29.4930612245
          6.808      1.0701094501     29.7222040816
          6.826      1.0461629793     29.9454693878
          6.845      1.1115172801     30.1818775510
          6.863      1.1330669453     30.4220408163
          6.882      1.1841771726     30.6721632653
          6.901      1.1666504405     30.9177142857
          6.919      1.2000286107     31.1693877551
          6.938      1.2332984300     31.4271020408
          6.957      1.2641095592     31.6902857143
          6.975      1.2263204988     31.9446530612
          6.994      1.2258184470     32.1979591837
          7.012      1.1020262998     32.4248163265
          7.031      1.0796265339     32.6462040816
          7.050      1.0423019383     32.8591020408
          7.068      1.0424352061     33.0711836735
          7.087      1.0458290068     33.2831020408
          7.106      0.9720266746     33.4792653061
          7.124      1.0528110098     33.6908571429
          7.143      1.0882159726     33.9086530612
          7.161      1.1268258702     34.1332244898
          7.180      1.1690971453     34.3652244898
          7.199      1.2059923603     34.6035102041
          7.217      1.1731245049     34.8342857143
          7.236      1.1179157879     35.0532244898
          7.255      1.1418049979     35.2758367347
          7.273      1.1407165257     35.4972244898
          7.292      1.0678238010     35.7035102041
          7.310      1.0392916597     35.9033469388
          7.329      1.0834705216     36.1106938776
          7.348      1.1353994981     36.3269387755
          7.366      1.1000117380     36.5354285714
          7.385      1.0599895053     36.7353469388
          7.404      1.0457084291     36.9315918367
          7.422      1.0081523743     37.1198367347
          7.441      1.0155125004     37.3084897959
          7.459      1.0362388838     37.5000000000
          7.478      0.9626450391     37.6769795918
          7.497      0.9628550850     37.8530612245
          7.515      0.9227138446     38.0208979592
          7.534      0.8149378380     38.1683265306
          7.553      0.7858642259     38.3097142857
          7.571      0.8030372793     38.4533877551
          7.590      0.7740918250     38.5911020408
          7.608      0.7356165250     38.7212244898
          7.627      0.7101861777     38.8461224490
          7.646      0.7092323239     38.9701224490
          7.664      0.6890387499     39.0898775510
          7.683      0.7092679446     39.2124081633
          7.702      0.7164614604     39.3354285714
          7.720      0.7280790506     39.4596734694
          7.739      0.7273568728     39.5830204082
          7.757      0.7281095311     39.7057142857
          7.776      0.7332908183     39.8284897959
          7.795      0.7714508023     39.9568163265
          7.813      0.7172768270     40.0753469388
          7.832      0.7633626033     40.2006530612
          7.851      0.8121086341     40.3330612245
          7.869      0.7667828372     40.4572244898
          7.888      0.7706099610     40.5811428571
          7.906      0.7760590590     40.7050612245
          7.925      0.9422701503     40.8544489796
          7.944      0.9849009840     41.0094693878
          7.962      0.9634173432     41.1600000000
          7.981      0.9442899535     41.3064489796
          8.000      0.9270389800     41.4491428571
          8.018      0.8422315214     41.5777959184
          8.037      0.7712282511     41.6946938776
          8.055      0.8044509116     41.8156734694
          8.074      0.7567155505     41.9285714286
          8.093      0.7170700742     42.0346938776
          8.111      0.7518865208     42.1450612245
          8.130      0.7161012850     42.2493061224
          8.149      0.7690986047     42.3603265306
          8.167      0.7568786704     42.4686530612
          8.186      0.7134162875     42.5698775510
          8.204      0.6889583025     42.6667755102
          8.223      0.7250030094     42.7678367347
          8.242      0.7357372274     42.8694693878
          8.260      0.7109226828     42.9667755102
          8.279      0.7205976090     43.0644897959
          8.298      0.6764061327     43.1553469388
          8.316      0.6970548495     43.2480816327
          8.335      0.7131882463     43.3420408163
          8.353      0.6952622004     43.4327346939
          8.372      0.7206296689     43.5257959184
          8.391      0.7663548094     43.6237551020
          8.409      0.7866182066     43.7232653061
          8.428      0.7864864914     43.8217142857
          8.447      0.8773633907     43.9303673469
          8.465      0.8796472918     44.0381224490
          8.484      0.9588493104     44.1542857143
          8.502      0.9206430733     44.2645714286
          8.521      1.0139600878     44.3846530612
          8.540      1.0718604881     44.5101224490
          8.558      1.1594296749     44.6442448980
          8.577      1.1549095013     44.7762448980
          8.596      1.0917849129     44.8995102041
          8.614      1.0615588365     45.0178775510
          8.633      1.1255380964     45.1417959184
          8.651      1.1544468078     45.2672653061
          8.670      1.1316832833     45.3886530612
          8.689      1.1623753866     45.5116734694
          8.707      1.1986796482     45.6368163265
          8.726      1.1766159130     45.7579591837
          8.745      1.1741108678     45.8771428571
          8.763      1.0329153881     45.9804897959
          8.782      0.9753812993     46.0766530612
          8.800      0.9699748885     46.1708571429
          8.819      0.8868039185     46.2556734694
          8.838      0.8565698888     46.3363265306
          8.856      0.8650723532     46.4164897959
          8.875      0.8954110222     46.4981224490
          8.894      0.9140910490     46.5800816327
          8.912      0.8918111047     46.6586938776
          8.931      0.8056884598     46.7284897959
          8.949      0.6992830623     46.7880000000
          8.968      0.6300666166     46.8406530612
          8.987      0.6876859174     46.8970612245
          9.005      0.7232337549     46.9552653061
          9.024      0.8150652638     47.0195918367
          9.043      0.8304750284     47.0838367347
          9.061      0.7830507826     47.1431836735
          9.080      0.8568890827     47.2067755102
          9.098      1.0070834019     47.2799183673
          9.117      1.0928443659     47.3575510204
          9.136      0.9781014466     47.4254693878
          9.154      1.0903029703     47.4994285714
          9.173      1.0552153906     47.5693061224
          9.192      1.1195791281     47.6416326531
          9.210      1.1692392914     47.7152653061
          9.229      1.2762373866     47.7935510204
          9.247      1.1991909832     47.8651428571
          9.266      1.1994857669     47.9347755102
          9.285      1.0682296343     47.9950204082
          9.303      0.9709168981     48.0481632653
