# r/g(r)/dn[At1,At2]:      g(r)[ H, N]            dn(r)
          0.009      0.0000000000      0.0000000000
          0.028      0.0000000000      0.0000000000
          0.047      0.0000000000      0.0000000000
          0.065      0.0000000000      0.0000000000
          0.084      0.0000000000      0.0000000000
          0.102      0.0000000000      0.0000000000
          0.121      0.0000000000      0.0000000000
          0.140      0.0000000000      0.0000000000
          0.158      0.0000000000      0.0000000000
          0.177      0.0000000000      0.0000000000
          0.196      0.0000000000      0.0000000000
          0.214      0.0000000000      0.0000000000
          0.233      0.0000000000      0.0000000000
          0.251      0.0000000000      0.0000000000
          0.270      0.0000000000      0.0000000000
          0.289      0.0000000000      0.0000000000
          0.307      0.0000000000      0.0000000000
          0.326      0.0000000000      0.0000000000
          0.345      0.0000000000      0.0000000000
          0.363      0.0000000000      0.0000000000
          0.382      0.0000000000      0.0000000000
          0.400      0.0000000000      0.0000000000
          0.419      0.0000000000      0.0000000000
          0.438      0.0000000000      0.0000000000
          0.456      0.0000000000      0.0000000000
          0.475      0.0000000000      0.0000000000
          0.494      0.0000000000      0.0000000000
          0.512      0.0000000000      0.0000000000
          0.531      0.0000000000      0.0000000000
          0.549      0.0000000000      0.0000000000
          0.568      0.0000000000      0.0000000000
          0.587      0.0000000000      0.0000000000
          0.605      0.0000000000      0.0000000000
          0.624      0.0000000000      0.0000000000
          0.643      0.0000000000      0.0000000000
          0.661      0.0000000000      0.0000000000
          0.680      0.0000000000      0.0000000000
          0.698      0.0000000000      0.0000000000
          0.717      0.0000000000      0.0000000000
          0.736      0.0000000000      0.0000000000
          0.754      0.0000000000      0.0000000000
          0.773      0.0000000000      0.0000000000
          0.792      0.0000000000      0.0000000000
          0.810      0.0000000000      0.0000000000
          0.829      0.0000000000      0.0000000000
          0.847      0.0000000000      0.0000000000
          0.866      0.0000000000      0.0000000000
          0.885      0.0000000000      0.0000000000
          0.903      0.0000000000      0.0000000000
          0.922      0.0000000000      0.0000000000
          0.941      0.0120963231      0.0000526316
          0.959      0.1512047991      0.0007368421
          0.978      1.4549964763      0.0075789474
          0.996      5.0116769768      0.0320526316
          1.015     13.2420530154      0.0991578947
          1.034     16.5047829833      0.1858947368
          1.052     15.2589350260      0.2690000000
          1.071      8.4534091304      0.3166842105
          1.090      2.9656774646      0.3340000000
          1.108      0.9410873329      0.3396842105
          1.127      0.3455521077      0.3418421053
          1.145      0.0326249998      0.3420526316
          1.164      0.0078973435      0.3421052632
          1.183      0.0000000000      0.3421052632
          1.201      0.0000000000      0.3421052632
          1.220      0.0000000000      0.3421052632
          1.239      0.0000000000      0.3421052632
          1.257      0.0000000000      0.3421052632
          1.276      0.0000000000      0.3421052632
          1.294      0.0000000000      0.3421052632
          1.313      0.0000000000      0.3421052632
          1.332      0.0000000000      0.3421052632
          1.350      0.0000000000      0.3421052632
          1.369      0.0000000000      0.3421052632
          1.388      0.0000000000      0.3421052632
          1.406      0.0000000000      0.3421052632
          1.425      0.0000000000      0.3421052632
          1.443      0.0000000000      0.3421052632
          1.462      0.0000000000      0.3421052632
          1.481      0.0000000000      0.3421052632
          1.499      0.0000000000      0.3421052632
          1.518      0.0000000000      0.3421052632
          1.537      0.0000000000      0.3421052632
          1.555      0.0000000000      0.3421052632
          1.574      0.0000000000      0.3421052632
          1.592      0.0000000000      0.3421052632
          1.611      0.0000000000      0.3421052632
          1.630      0.0080585980      0.3422105263
          1.648      0.0118162704      0.3423684211
          1.667      0.0154049300      0.3425789474
          1.686      0.0150663739      0.3427894737
          1.704      0.0110541428      0.3429473684
          1.723      0.0468711904      0.3436315789
          1.741      0.0423452022      0.3442631579
          1.760      0.0552716767      0.3451052632
          1.779      0.0642677678      0.3461052632
          1.797      0.0795065768      0.3473684211
          1.816      0.0746388817      0.3485789474
          1.835      0.0922087497      0.3501052632
          1.853      0.0654364611      0.3512105263
          1.872      0.0885752971      0.3527368421
          1.890      0.0688719794      0.3539473684
          1.909      0.0968976157      0.3556842105
          1.928      0.1497509520      0.3584210526
          1.946      0.1581985354      0.3613684211
          1.965      0.1413553765      0.3640526316
          1.984      0.1577523776      0.3671052632
          2.002      0.1922041509      0.3708947368
          2.021      0.2148827870      0.3752105263
          2.039      0.1903929178      0.3791052632
          2.058      0.2349663957      0.3840000000
          2.077      0.2307706797      0.3888947368
          2.095      0.2486237392      0.3942631579
          2.114      0.3975244836      0.4030000000
          2.133      0.4588504944      0.4132631579
          2.151      0.4763770881      0.4241052632
          2.170      0.5091477484      0.4358947368
          2.188      0.4781737654      0.4471578947
          2.207      0.5272569222      0.4597894737
          2.226      0.5400724083      0.4729473684
          2.244      0.4886541328      0.4850526316
          2.263      0.4618357976      0.4966842105
          2.282      0.5180554872      0.5099473684
          2.300      0.4652023227      0.5220526316
          2.319      0.4318858969      0.5334736842
          2.337      0.4426587121      0.5453684211
          2.356      0.4568939000      0.5578421053
          2.375      0.4345734731      0.5698947368
          2.393      0.4297043156      0.5820000000
          2.412      0.5389844701      0.5974210526
          2.431      0.6177056262      0.6153684211
          2.449      0.6779229313      0.6353684211
          2.468      0.7784312005      0.6586842105
          2.486      0.7997011857      0.6830000000
          2.505      0.9907860645      0.7135789474
          2.524      1.0064601575      0.7451052632
          2.542      1.1639609393      0.7821052632
          2.561      1.1748313102      0.8200000000
          2.580      1.3284002243      0.8634736842
          2.598      1.3775895127      0.9092105263
          2.617      1.4705692077      0.9587368421
          2.635      1.5561699078      1.0118947368
          2.654      1.7121536324      1.0712105263
          2.673      1.7647779029      1.1332105263
          2.691      1.7951021907      1.1971578947
          2.710      1.8171429093      1.2627894737
          2.729      1.7895454886      1.3283157895
          2.747      1.7554370773      1.3934736842
          2.766      1.7080927209      1.4577368421
          2.784      1.6756565504      1.5216315789
          2.803      1.5240731613      1.5805263158
          2.822      1.4636976101      1.6378421053
          2.840      1.4803802331      1.6965789474
          2.859      1.4166393193      1.7535263158
          2.878      1.3996527423      1.8105263158
          2.896      1.2987806840      1.8641052632
          2.915      1.2948315702      1.9182105263
          2.933      1.2871468584      1.9726842105
          2.952      1.2537648640      2.0264210526
          2.971      1.2744718433      2.0817368421
          2.989      1.2370839420      2.1361052632
          3.008      1.1745003054      2.1883684211
          3.027      1.2710748352      2.2456315789
          3.045      1.1655605304      2.2987894737
          3.064      1.1730933131      2.3529473684
          3.082      1.1938750443      2.4087368421
          3.101      1.1473058567      2.4630000000
          3.120      1.1116563916      2.5162105263
          3.138      1.0604716407      2.5675789474
          3.157      1.1102740784      2.6220000000
          3.176      1.1461041110      2.6788421053
          3.194      1.0729919925      2.7326842105
          3.213      1.1383432889      2.7904736842
          3.231      1.0299502033      2.8433684211
          3.250      1.0597171428      2.8984210526
          3.269      1.0707118643      2.9546842105
          3.287      1.1091180367      3.0136315789
          3.306      1.1779262234      3.0769473684
          3.325      1.1637969572      3.1402105263
          3.343      1.1432063397      3.2030526316
          3.362      1.1987496926      3.2696842105
          3.380      1.2089886156      3.3376315789
          3.399      1.1624311198      3.4036842105
          3.418      1.1140654078      3.4676842105
          3.436      1.1917420819      3.5368947368
          3.455      1.1520320844      3.6045263158
          3.474      1.1725275851      3.6741052632
          3.492      1.1784814899      3.7447894737
          3.511      1.1894526712      3.8168947368
          3.529      1.1889592777      3.8897368421
          3.548      1.1433564695      3.9605263158
          3.567      1.2752959611      4.0403157895
          3.585      1.2004750614      4.1162105263
          3.604      1.1955144606      4.1925789474
          3.623      1.1734671930      4.2683157895
          3.641      1.2656158772      4.3508421053
          3.660      1.2527670960      4.4333684211
          3.678      1.2788665220      4.5184736842
          3.697      1.3137730303      4.6067894737
          3.716      1.3796966805      4.7004736842
          3.734      1.3621314791      4.7938947368
          3.753      1.3045767349      4.8842631579
          3.772      1.2729160060      4.9733157895
          3.790      1.2410681277      5.0610000000
          3.809      1.2112561333      5.1474210526
          3.827      1.1381336671      5.2294210526
          3.846      1.0736018883      5.3075263158
          3.865      1.0496654644      5.3846315789
          3.883      0.9693666510      5.4565263158
          3.902      0.9341280821      5.5264736842
          3.921      0.9078684016      5.5951052632
          3.939      0.8551660658      5.6603684211
          3.958      0.8013637044      5.7221052632
          3.976      0.8209459688      5.7859473684
          3.995      0.8327536457      5.8513157895
          4.014      0.8509501671      5.9187368421
          4.032      0.8503471620      5.9867368421
          4.051      0.8171129808      6.0526842105
          4.070      0.8109431536      6.1187368421
          4.088      0.8893706062      6.1918421053
          4.107      0.8825910609      6.2650526316
          4.125      0.8947609620      6.3399473684
          4.144      0.8848668171      6.4146842105
          4.163      0.9276079876      6.4937368421
          4.181      0.9462946991      6.5751052632
          4.200      0.9700742710      6.6592631579
          4.219      0.9771620087      6.7447894737
          4.237      0.9626299107      6.8297894737
          4.256      0.9701756656      6.9162105263
          4.274      0.9336252240      7.0001052632
          4.293      0.9249612983      7.0839473684
          4.312      0.9411642397      7.1700000000
          4.330      0.9148234002      7.2543684211
          4.349      0.9420850906      7.3420000000
          4.368      0.8482341737      7.4215789474
          4.386      0.8399332973      7.5010526316
          4.405      0.8328452949      7.5805263158
          4.423      0.8045168225      7.6579473684
          4.442      0.8059196277      7.7361578947
          4.461      0.8572884587      7.8200526316
          4.479      0.8757752995      7.9064736842
          4.498      0.8748849403      7.9935263158
          4.517      0.8566677343      8.0794736842
          4.535      0.8022988297      8.1606315789
          4.554      0.8721249252      8.2495789474
          4.572      0.8901154003      8.3411052632
          4.591      0.9108320884      8.4355263158
          4.610      0.9024794768      8.5298421053
          4.628      0.9037233866      8.6250526316
          4.647      0.9495200723      8.7258947368
          4.666      0.9316300826      8.8256315789
          4.684      0.9183835488      8.9247368421
          4.703      0.9837038532      9.0317368421
          4.721      0.9591561589      9.1368947368
          4.740      0.9316290984      9.2398421053
          4.759      0.9593211094      9.3466842105
          4.777      0.8918371313      9.4467894737
          4.796      0.8881805169      9.5472631579
          4.815      0.9020970225      9.6501052632
          4.833      0.9084432009      9.7544736842
          4.852      0.9069372461      9.8594736842
          4.870      0.9036231739      9.9648947368
          4.889      0.9048102239     10.0712631579
          4.908      0.9139508852     10.1795263158
          4.926      0.9348336082     10.2911052632
          4.945      0.8857910143     10.3976315789
          4.964      0.8930556049     10.5058421053
          4.982      0.8915645304     10.6146842105
          5.001      0.8528419276     10.7195789474
          5.019      0.8579928299     10.8258947368
          5.038      0.8571417938     10.9328947368
          5.057      0.9060831796     11.0468421053
          5.075      0.8828273115     11.1586842105
          5.094      0.8842192434     11.2715263158
          5.113      0.8876145781     11.3856315789
          5.131      0.9067889381     11.5030526316
          5.150      0.8816800684     11.6180526316
          5.168      0.8893584915     11.7348947368
          5.187      0.8869605909     11.8522631579
          5.206      0.8774659917     11.9692105263
          5.224      0.8982748170     12.0897894737
          5.243      0.9133160278     12.2132631579
          5.262      0.9373994872     12.3408947368
          5.280      0.9929792618     12.4770526316
          5.299      0.9761013565     12.6118421053
          5.317      0.9768450088     12.7476842105
          5.336      0.9843195964     12.8855263158
          5.355      0.9905470504     13.0252105263
          5.373      0.9607120851     13.1616315789
          5.392      0.9857421589     13.3025789474
          5.411      1.0067498187     13.4475263158
          5.429      0.9984020778     13.5922631579
          5.448      0.9887024562     13.7365789474
          5.466      0.9805441183     13.8806842105
          5.485      0.9895470230     14.0271052632
          5.504      0.9994656875     14.1760000000
          5.522      0.9699259036     14.3214736842
          5.541      0.9564451835     14.4658947368
          5.560      1.0005967596     14.6180000000
          5.578      0.9970214110     14.7705789474
          5.597      1.0098698414     14.9261578947
          5.615      1.0028426148     15.0816842105
          5.634      1.0569068634     15.2466842105
          5.653      1.0603358697     15.4133157895
          5.671      1.0424032028     15.5782105263
          5.690      1.0580670347     15.7466842105
          5.709      1.0718626395     15.9184736842
          5.727      1.1011170328     16.0961052632
          5.746      1.0696791959     16.2697894737
          5.764      1.0395901788     16.4396842105
          5.783      1.0780223205     16.6170000000
          5.802      1.0870085304     16.7969473684
          5.820      1.0838536152     16.9775263158
          5.839      1.1130472453     17.1641578947
          5.858      1.0959996568     17.3491052632
          5.876      1.1454686253     17.5436315789
          5.895      1.1502523855     17.7402105263
          5.913      1.1525050150     17.9384210526
          5.932      1.1735615577     18.1415263158
          5.951      1.1360058626     18.3393684211
          5.969      1.1889933022     18.5477368421
          5.988      1.2045897943     18.7601578947
          6.007      1.1419609942     18.9627894737
          6.025      1.1458188200     19.1673684211
          6.044      1.1308575065     19.3705263158
          6.063      1.1338195635     19.5754736842
          6.081      1.0846339596     19.7727368421
          6.100      1.0719802230     19.9688947368
          6.118      1.0580308436     20.1636842105
          6.137      1.0621318992     20.3604210526
          6.156      1.0370739847     20.5536842105
          6.174      1.0428977962     20.7492105263
          6.193      1.0098463101     20.9396842105
          6.212      1.0123977913     21.1317894737
          6.230      1.0518463423     21.3325789474
          6.249      1.0406520715     21.5324210526
          6.267      1.0312067652     21.7316315789
          6.286      1.0662716668     21.9388421053
          6.305      1.0645580039     22.1469473684
          6.323      1.0534781805     22.3541052632
          6.342      1.0733754937     22.5664210526
          6.361      1.1107452757     22.7874210526
          6.379      1.1174178313     23.0110526316
          6.398      1.1166732388     23.2358421053
          6.416      1.0836860033     23.4552631579
          6.435      1.0797478687     23.6751578947
          6.454      1.0663300394     23.8935789474
          6.472      1.0476836784     24.1094210526
          6.491      1.0620002798     24.3294736842
          6.510      1.0392631048     24.5460526316
          6.528      1.0308302361     24.7621052632
          6.547      0.9890180488     24.9705789474
          6.565      1.0099799139     25.1846842105
          6.584      0.9972187612     25.3971052632
          6.603      0.9435789994     25.5977894737
          6.621      0.9207442686     25.7930526316
          6.640      0.9025353330     25.9838947368
          6.659      0.8710166788     26.1675263158
          6.677      0.8686340071     26.3501052632
          6.696      0.8476789921     26.5277368421
          6.714      0.8608866620     26.7075789474
          6.733      0.8436243174     26.8832631579
          6.752      0.8488452520     27.0594736842
          6.770      0.8386119806     27.2330000000
          6.789      0.8727425566     27.4130000000
          6.808      0.9035427380     27.5987368421
          6.826      0.9415150153     27.7916315789
          6.845      0.9398219421     27.9835263158
          6.863      0.9709981999     28.1811052632
          6.882      0.9723149239     28.3782631579
          6.901      0.9874792001     28.5777894737
          6.919      0.9659258154     28.7722631579
          6.938      1.0163995588     28.9761578947
          6.957      1.0051319938     29.1770526316
          6.975      1.0215680267     29.3804736842
          6.994      0.9912027524     29.5771052632
          7.012      1.0003229910     29.7747894737
          7.031      0.9975171433     29.9711578947
          7.050      1.0153915720     30.1702631579
          7.068      1.0062259004     30.3667894737
          7.087      1.0760261868     30.5761052632
          7.106      1.0453716797     30.7786315789
          7.124      1.0406896077     30.9794210526
          7.143      1.0387447797     31.1790000000
          7.161      1.0808352553     31.3857894737
          7.180      1.0644782452     31.5885789474
          7.199      1.0721581078     31.7919473684
          7.217      1.0802227544     31.9959473684
          7.236      1.0433282420     32.1921052632
          7.255      1.0635051099     32.3911578947
          7.273      1.0824922685     32.5928421053
          7.292      1.0508949899     32.7877368421
          7.310      1.0196116603     32.9759473684
          7.329      1.0273180603     33.1646842105
          7.348      1.0380152087     33.3544736842
          7.366      1.0436483963     33.5443684211
          7.385      1.0473414632     33.7340000000
          7.404      1.0592907986     33.9248421053
          7.422      0.9630569567     34.0974736842
          7.441      0.9783181611     34.2719473684
          7.459      0.9480907344     34.4401578947
          7.478      0.9315993549     34.6045789474
          7.497      0.9566406741     34.7725263158
          7.515      0.9105544194     34.9315263158
          7.534      0.9134004884     35.0901578947
          7.553      0.8891932840     35.2437368421
          7.571      0.9107162775     35.4001578947
          7.590      0.8964630101     35.5532631579
          7.608      0.8830125246     35.7032105263
          7.627      0.8825349407     35.8522105263
          7.646      0.9009021587     36.0034210526
          7.664      0.8690532546     36.1484210526
          7.683      0.8993748539     36.2975789474
          7.702      0.8882760691     36.4440000000
          7.720      0.9483998802     36.5993684211
          7.739      0.9404550838     36.7524736842
          7.757      0.9662854487     36.9087894737
          7.776      0.9774262560     37.0658947368
          7.795      0.9900722232     37.2240000000
          7.813      1.0035911379     37.3832105263
          7.832      1.0076485061     37.5420000000
          7.851      1.0077696514     37.6997368421
          7.869      1.0363769703     37.8608421053
          7.888      1.0251974793     38.0191052632
          7.906      1.0214596743     38.1756842105
          7.925      1.0339672589     38.3330526316
          7.944      1.0550623723     38.4924736842
          7.962      1.0866908329     38.6554736842
          7.981      1.1008110830     38.8193684211
          8.000      1.0767279067     38.9784736842
          8.018      1.0731433067     39.1358421053
          8.037      1.1216385646     39.2990526316
          8.055      1.1465242609     39.4645789474
          8.074      1.1880300833     39.6347368421
          8.093      1.1884033306     39.8035789474
          8.111      1.1582135155     39.9667894737
          8.130      1.1358635095     40.1255263158
          8.149      1.1306630624     40.2822105263
          8.167      1.0890390636     40.4318421053
          8.186      1.0853862835     40.5796842105
          8.204      1.0844526629     40.7261052632
          8.223      1.0733316972     40.8697368421
          8.242      1.0477762776     41.0086842105
          8.260      1.0598568481     41.1479473684
          8.279      1.0313839758     41.2822105263
          8.298      1.0260981397     41.4145263158
          8.316      1.0529088614     41.5490000000
          8.335      1.0661522644     41.6838421053
          8.353      1.1225862084     41.8244210526
          8.372      1.0027633096     41.9487368421
          8.391      1.0070661268     42.0723157895
          8.409      1.0180158974     42.1959473684
          8.428      0.9762595224     42.3132631579
          8.447      0.9943114946     42.4314736842
          8.465      0.9792491677     42.5466315789
          8.484      0.9240861318     42.6541052632
          8.502      0.9263128823     42.7606315789
          8.521      0.9175359566     42.8649473684
          8.540      0.8711412791     42.9628421053
          8.558      0.8526077311     43.0575263158
          8.577      0.8288824172     43.1484736842
          8.596      0.8371603627     43.2392105263
          8.614      0.8343901423     43.3285263158
          8.633      0.8530157409     43.4186842105
          8.651      0.8822692114     43.5107368421
          8.670      0.8658418890     43.5998947368
          8.689      0.9402017104     43.6954210526
          8.707      0.8712015062     43.7827368421
          8.726      0.9201440233     43.8736842105
          8.745      0.9154554394     43.9628947368
          8.763      0.9238466042     44.0516315789
          8.782      0.9675861367     44.1432105263
          8.800      1.0313462274     44.2393684211
          8.819      0.9303402926     44.3247894737
          8.838      0.9694632517     44.4124210526
          8.856      0.9974928006     44.5011578947
          8.875      1.0181004957     44.5902631579
          8.894      1.0052378008     44.6767894737
          8.912      0.9478569752     44.7570000000
          8.931      1.0049924084     44.8405789474
          8.949      0.9611818438     44.9191052632
          8.968      1.0359055019     45.0022105263
          8.987      1.0607187967     45.0857368421
          9.005      1.0361666890     45.1657894737
          9.024      1.0635370230     45.2463684211
          9.043      1.1261260315     45.3300000000
          9.061      1.0489016632     45.4063157895
          9.080      1.0859647826     45.4836842105
          9.098      1.0651130286     45.5579473684
          9.117      1.1013187382     45.6330526316
          9.136      1.0350814400     45.7020526316
          9.154      1.0765506737     45.7721578947
          9.173      1.1002809351     45.8421052632
          9.192      1.0947678540     45.9100000000
          9.210      1.1030234185     45.9766842105
          9.229      1.1172082226     46.0424736842
          9.247      1.0468991979     46.1024736842
          9.266      1.1115622403     46.1644210526
          9.285      1.1150207066     46.2247894737
          9.303      1.0847777844     46.2817894737
