# r/g(r)/dn[At1,At2]:      g(r)[ H, C]            dn(r)
          0.009      0.0000000000      0.0000000000
          0.028      0.0000000000      0.0000000000
          0.047      0.0000000000      0.0000000000
          0.065      0.0000000000      0.0000000000
          0.084      0.0000000000      0.0000000000
          0.102      0.0000000000      0.0000000000
          0.121      0.0000000000      0.0000000000
          0.140      0.0000000000      0.0000000000
          0.158      0.0000000000      0.0000000000
          0.177      0.0000000000      0.0000000000
          0.196      0.0000000000      0.0000000000
          0.214      0.0000000000      0.0000000000
          0.233      0.0000000000      0.0000000000
          0.251      0.0000000000      0.0000000000
          0.270      0.0000000000      0.0000000000
          0.289      0.0000000000      0.0000000000
          0.307      0.0000000000      0.0000000000
          0.326      0.0000000000      0.0000000000
          0.345      0.0000000000      0.0000000000
          0.363      0.0000000000      0.0000000000
          0.382      0.0000000000      0.0000000000
          0.400      0.0000000000      0.0000000000
          0.419      0.0000000000      0.0000000000
          0.438      0.0000000000      0.0000000000
          0.456      0.0000000000      0.0000000000
          0.475      0.0000000000      0.0000000000
          0.494      0.0000000000      0.0000000000
          0.512      0.0000000000      0.0000000000
          0.531      0.0000000000      0.0000000000
          0.549      0.0000000000      0.0000000000
          0.568      0.0000000000      0.0000000000
          0.587      0.0000000000      0.0000000000
          0.605      0.0000000000      0.0000000000
          0.624      0.0000000000      0.0000000000
          0.643      0.0000000000      0.0000000000
          0.661      0.0000000000      0.0000000000
          0.680      0.0000000000      0.0000000000
          0.698      0.0000000000      0.0000000000
          0.717      0.0000000000      0.0000000000
          0.736      0.0000000000      0.0000000000
          0.754      0.0000000000      0.0000000000
          0.773      0.0000000000      0.0000000000
          0.792      0.0000000000      0.0000000000
          0.810      0.0000000000      0.0000000000
          0.829      0.0000000000      0.0000000000
          0.847      0.0000000000      0.0000000000
          0.866      0.0000000000      0.0000000000
          0.885      0.0000000000      0.0000000000
          0.903      0.0000000000      0.0000000000
          0.922      0.0000000000      0.0000000000
          0.941      0.0000000000      0.0000000000
          0.959      0.0000000000      0.0000000000
          0.978      0.0000000000      0.0000000000
          0.996      0.0000000000      0.0000000000
          1.015      0.0099704870      0.0000526316
          1.034      0.3268908474      0.0018421053
          1.052      1.5028939679      0.0103684211
          1.071      6.2521637860      0.0471052632
          1.090     12.7208633374      0.1244736842
          1.108     17.8346506109      0.2366842105
          1.127     16.0767696720      0.3412631579
          1.145      9.8971199382      0.4077894737
          1.164      4.3214263490      0.4377894737
          1.183      1.0282368622      0.4451578947
          1.201      0.2705060780      0.4471578947
          1.220      0.0276115327      0.4473684211
          1.239      0.0000000000      0.4473684211
          1.257      0.0000000000      0.4473684211
          1.276      0.0000000000      0.4473684211
          1.294      0.0000000000      0.4473684211
          1.313      0.0000000000      0.4473684211
          1.332      0.0000000000      0.4473684211
          1.350      0.0000000000      0.4473684211
          1.369      0.0000000000      0.4473684211
          1.388      0.0000000000      0.4473684211
          1.406      0.0000000000      0.4473684211
          1.425      0.0000000000      0.4473684211
          1.443      0.0000000000      0.4473684211
          1.462      0.0000000000      0.4473684211
          1.481      0.0000000000      0.4473684211
          1.499      0.0000000000      0.4473684211
          1.518      0.0000000000      0.4473684211
          1.537      0.0000000000      0.4473684211
          1.555      0.0000000000      0.4473684211
          1.574      0.0000000000      0.4473684211
          1.592      0.0000000000      0.4473684211
          1.611      0.0000000000      0.4473684211
          1.630      0.0000000000      0.4473684211
          1.648      0.0000000000      0.4473684211
          1.667      0.0000000000      0.4473684211
          1.686      0.0000000000      0.4473684211
          1.704      0.0000000000      0.4473684211
          1.723      0.0000000000      0.4473684211
          1.741      0.0000000000      0.4473684211
          1.760      0.0000000000      0.4473684211
          1.779      0.0000000000      0.4473684211
          1.797      0.0000000000      0.4473684211
          1.816      0.0000000000      0.4473684211
          1.835      0.0000000000      0.4473684211
          1.853      0.0000000000      0.4473684211
          1.872      0.0000000000      0.4473684211
          1.890      0.0086239696      0.4475263158
          1.909      0.0225507178      0.4479473684
          1.928      0.0248816966      0.4484210526
          1.946      0.0569514727      0.4495263158
          1.965      0.1011106693      0.4515263158
          1.984      0.1644976517      0.4548421053
          2.002      0.3229029736      0.4614736842
          2.021      0.4377319603      0.4706315789
          2.039      0.6841795228      0.4852105263
          2.058      0.8246562532      0.5031052632
          2.077      1.0433812408      0.5261578947
          2.095      1.1512741617      0.5520526316
          2.114      1.4161450518      0.5844736842
          2.133      1.5496440080      0.6205789474
          2.151      1.6827673761      0.6604736842
          2.170      1.7674700408      0.7031052632
          2.188      1.8254618662      0.7478947368
          2.207      1.7926735355      0.7926315789
          2.226      1.8416037064      0.8393684211
          2.244      1.6337194868      0.8815263158
          2.263      1.4243768308      0.9188947368
          2.282      1.2966188766      0.9534736842
          2.300      1.0951267200      0.9831578947
          2.319      0.9343065228      1.0088947368
          2.337      0.7164019936      1.0289473684
          2.356      0.6070327056      1.0462105263
          2.375      0.5028147923      1.0607368421
          2.393      0.4214838852      1.0731052632
          2.412      0.3708507480      1.0841578947
          2.431      0.4260538512      1.0970526316
          2.449      0.4144606721      1.1097894737
          2.468      0.3812379983      1.1216842105
          2.486      0.4719275569      1.1366315789
          2.505      0.5549766211      1.1544736842
          2.524      0.5355241760      1.1719473684
          2.542      0.5865171026      1.1913684211
          2.561      0.6704370677      1.2138947368
          2.580      0.6685101759      1.2366842105
          2.598      0.7274433551      1.2618421053
          2.617      0.8011398498      1.2899473684
          2.635      0.8401468588      1.3198421053
          2.654      0.8633994253      1.3510000000
          2.673      1.0211142773      1.3883684211
          2.691      1.1616305732      1.4314736842
          2.710      1.0981546884      1.4727894737
          2.729      1.1577281272      1.5169473684
          2.747      1.1488896103      1.5613684211
          2.766      1.1133239239      1.6050000000
          2.784      1.1832840589      1.6520000000
          2.803      1.1663041372      1.6989473684
          2.822      1.1728935560      1.7467894737
          2.840      1.1231788091      1.7932105263
          2.859      1.1500702200      1.8413684211
          2.878      1.1191018492      1.8888421053
          2.896      1.0153454023      1.9324736842
          2.915      1.0810080222      1.9795263158
          2.933      1.0470286793      2.0256842105
          2.952      1.0633301381      2.0731578947
          2.971      1.0733211398      2.1216842105
          2.989      1.0956276446      2.1718421053
          3.008      1.1309266989      2.2242631579
          3.027      1.1249012292      2.2770526316
          3.045      1.0901337618      2.3288421053
          3.064      1.1382083224      2.3835789474
          3.082      1.0877327951      2.4365263158
          3.101      1.1751260763      2.4944210526
          3.120      1.1695812765      2.5527368421
          3.138      1.0941981158      2.6079473684
          3.157      1.0689555614      2.6625263158
          3.176      1.0279280427      2.7156315789
          3.194      1.0109409600      2.7684736842
          3.213      1.0201546414      2.8224210526
          3.231      0.9739946998      2.8745263158
          3.250      0.9696715790      2.9270000000
          3.269      1.0124987927      2.9824210526
          3.287      1.0457398631      3.0403157895
          3.306      1.0114303173      3.0969473684
          3.325      0.9899051656      3.1530000000
          3.343      0.9522506676      3.2075263158
          3.362      0.9626357721      3.2632631579
          3.380      0.9322791221      3.3178421053
          3.399      0.9469877106      3.3738947368
          3.418      0.9199834867      3.4289473684
          3.436      0.9613688217      3.4871052632
          3.455      0.9346790427      3.5442631579
          3.474      0.9664039764      3.6040000000
          3.492      0.9763407631      3.6650000000
          3.511      0.9976816449      3.7280000000
          3.529      1.0168694493      3.7928947368
          3.548      1.0486576511      3.8605263158
          3.567      1.0546933141      3.9292631579
          3.585      1.1708378130      4.0063684211
          3.604      1.0978629280      4.0794210526
          3.623      1.2173396982      4.1612631579
          3.641      1.2219650439      4.2442631579
          3.660      1.2318024221      4.3287894737
          3.678      1.2421376653      4.4148947368
          3.697      1.2003407081      4.4989473684
          3.716      1.2166134324      4.5850000000
          3.734      1.2089281391      4.6713684211
          3.753      1.1400648219      4.7536315789
          3.772      1.1692771709      4.8388421053
          3.790      1.1492320660      4.9234210526
          3.809      1.1146507111      5.0062631579
          3.827      1.0947121875      5.0884210526
          3.846      1.0549657801      5.1683684211
          3.865      1.0688961955      5.2501578947
          3.883      1.0109798724      5.3282631579
          3.902      1.0701776168      5.4117368421
          3.921      1.0540185051      5.4947368421
          3.939      1.0771782109      5.5803684211
          3.958      0.9680309587      5.6580526316
          3.976      1.0311027225      5.7415789474
          3.995      1.0253731846      5.8254210526
          4.014      1.0114150557      5.9088947368
          4.032      1.0014614874      5.9923157895
          4.051      1.0079248389      6.0770526316
          4.070      1.0235330321      6.1638947368
          4.088      0.9625948125      6.2463157895
          4.107      0.9276914006      6.3264736842
          4.125      0.9706427279      6.4111052632
          4.144      0.9571517120      6.4953157895
          4.163      0.9325980492      6.5781052632
          4.181      0.9342976900      6.6617894737
          4.200      0.9766991684      6.7500526316
          4.219      0.9894532035      6.8402631579
          4.237      0.9590297344      6.9284736842
          4.256      0.9143521596      7.0133157895
          4.274      0.9170847119      7.0991578947
          4.293      0.9927569551      7.1928947368
          4.312      1.0433280496      7.2922631579
          4.330      1.0190322291      7.3901578947
          4.349      1.0461727622      7.4915263158
          4.368      1.0555803051      7.5946842105
          4.386      1.0194008993      7.6951578947
          4.405      1.0690424267      7.8014210526
          4.423      1.1141382117      7.9131052632
          4.442      1.0704521698      8.0213157895
          4.461      1.0697927346      8.1303684211
          4.479      1.1494950825      8.2485263158
          4.498      1.0749976795      8.3599473684
          4.517      1.1527715531      8.4804210526
          4.535      1.1233432329      8.5987894737
          4.554      1.1547966110      8.7214736842
          4.572      1.1743995253      8.8472631579
          4.591      1.1346713588      8.9697894737
          4.610      1.1583968712      9.0958947368
          4.628      1.1620414013      9.2234210526
          4.647      1.1536966223      9.3510526316
          4.666      1.1185460496      9.4757894737
          4.684      1.1644498621      9.6066842105
          4.703      1.1097224619      9.7324210526
          4.721      1.1719563301      9.8662631579
          4.740      1.1380735342      9.9972631579
          4.759      1.1110356163     10.1261578947
          4.777      1.1329988944     10.2586315789
          4.796      1.0987569978     10.3881052632
          4.815      1.0743172238     10.5156842105
          4.833      1.0387862465     10.6400000000
          4.852      1.0011496145     10.7607368421
          4.870      1.0437456690     10.8875789474
          4.889      0.9945480573     11.0093684211
          4.908      1.0228430013     11.1355789474
          4.926      1.0235898859     11.2628421053
          4.945      1.0205152761     11.3906842105
          4.964      0.9628320895     11.5122105263
          4.982      0.9821350703     11.6371052632
          5.001      0.9781194001     11.7624210526
          5.019      0.9798448017     11.8888947368
          5.038      0.9750420059     12.0156842105
          5.057      0.9718903478     12.1430000000
          5.075      0.9795270222     12.2722631579
          5.094      0.9929650131     12.4042631579
          5.113      1.0183657735     12.5406315789
          5.131      1.0472741593     12.6818947368
          5.150      1.0521086239     12.8248421053
          5.168      1.0210796951     12.9645789474
          5.187      0.9961959527     13.1018947368
          5.206      0.9780863043     13.2376842105
          5.224      0.9669844106     13.3728947368
          5.243      0.9881565534     13.5120526316
          5.262      0.9859973690     13.6518947368
          5.280      0.9812646398     13.7920526316
          5.299      1.0029184168     13.9363157895
          5.317      0.9988117211     14.0810000000
          5.336      0.9676774918     14.2221578947
          5.355      0.9555830535     14.3625263158
          5.373      0.9724541217     14.5063684211
          5.392      0.9735216064     14.6513684211
          5.411      0.9815701064     14.7985789474
          5.429      0.9769382484     14.9461052632
          5.448      0.9896543798     15.0965789474
          5.466      0.9949550370     15.2488947368
          5.485      0.9936730997     15.4020526316
          5.504      0.9299800348     15.5463684211
          5.522      0.9432564504     15.6937368421
          5.541      0.9198604581     15.8384210526
          5.560      0.9160342155     15.9834736842
          5.578      0.9198322129     16.1301052632
          5.597      0.9025694626     16.2749473684
          5.615      0.8780217980     16.4167894737
          5.634      0.8887322478     16.5613157895
          5.653      0.9214673716     16.7121578947
          5.671      0.9250072417     16.8645789474
          5.690      0.9348275117     17.0196315789
          5.709      0.9438696302     17.1772105263
          5.727      0.9715669435     17.3404736842
          5.746      0.9970188054     17.5091052632
          5.764      0.9788379200     17.6757368421
          5.783      0.9842161396     17.8443684211
          5.802      1.0310143969     18.0221578947
          5.820      1.0356472434     18.2018947368
          5.839      0.9657709431     18.3705789474
          5.858      1.0335956695     18.5522631579
          5.876      1.0216985089     18.7330000000
          5.895      1.0250088406     18.9154736842
          5.913      1.0235566578     19.0988421053
          5.932      0.9762669746     19.2748421053
          5.951      1.0276093255     19.4612631579
          5.969      1.0088093109     19.6454210526
          5.988      0.9486771399     19.8196842105
          6.007      0.9507759609     19.9954210526
          6.025      0.9757530126     20.1768947368
          6.044      0.9455609376     20.3538421053
          6.063      0.9330513905     20.5295263158
          6.081      1.0009655043     20.7191578947
          6.100      0.9705634732     20.9041578947
          6.118      0.9171849544     21.0800526316
          6.137      0.9539069667     21.2641052632
          6.156      0.9711892845     21.4526315789
          6.174      0.9515944101     21.6384736842
          6.193      0.9852572919     21.8320526316
          6.212      1.0081152100     22.0313157895
          6.230      0.9788043678     22.2259473684
          6.249      1.0029726280     22.4265789474
          6.267      0.9706039560     22.6218947368
          6.286      0.9932007763     22.8229473684
          6.305      1.0336066665     23.0334210526
          6.323      1.0247002399     23.2433157895
          6.342      1.0406580295     23.4577368421
          6.361      1.0157803902     23.6682631579
          6.379      1.0164215630     23.8801578947
          6.398      0.9881734581     24.0873684211
          6.416      0.9549953661     24.2887894737
          6.435      0.9760217786     24.4958421053
          6.454      0.9743430144     24.7037368421
          6.472      0.9976830323     24.9178421053
          6.491      1.0031825843     25.1343684211
          6.510      0.9981774859     25.3510526316
          6.528      0.9797131100     25.5649473684
          6.547      0.9470603127     25.7728947368
          6.565      0.9705340907     25.9872105263
          6.584      0.9421493565     26.1962631579
          6.603      0.9424208693     26.4050526316
          6.621      0.9584873382     26.6167894737
          6.640      0.9534118421     26.8267894737
          6.659      0.9435439834     27.0340000000
          6.677      0.9396571693     27.2397368421
          6.696      0.9485565596     27.4467894737
          6.714      0.9575417861     27.6551578947
          6.733      0.9957294280     27.8711578947
          6.752      0.9757765205     28.0821578947
          6.770      1.0118895133     28.3002631579
          6.789      1.0053994251     28.5162631579
          6.808      1.0303613238     28.7368947368
          6.826      1.0007752291     28.9504736842
          6.845      1.0388254560     29.1714210526
          6.863      1.0260197068     29.3888947368
          6.882      1.0069299581     29.6015789474
          6.901      1.0032434420     29.8127368421
          6.919      0.9975569449     30.0219473684
          6.938      1.0049604723     30.2319473684
          6.957      1.0367211041     30.4477894737
          6.975      1.0347519370     30.6624210526
          6.994      1.0503777690     30.8794736842
          7.012      1.0679486603     31.0993157895
          7.031      1.0623357057     31.3171578947
          7.050      1.0572311803     31.5331052632
          7.068      1.0658341407     31.7499473684
          7.087      1.0293487823     31.9585263158
          7.106      1.0721471040     32.1748947368
          7.124      1.0647932339     32.3888947368
          7.143      1.0305926055     32.5951578947
          7.161      1.0552957426     32.8054736842
          7.180      1.0598258150     33.0157894737
          7.199      1.0505817583     33.2233684211
          7.217      1.0410270557     33.4281578947
          7.236      1.0711988510     33.6379473684
          7.255      1.0420212943     33.8411052632
          7.273      1.0538367321     34.0456315789
          7.292      1.0385555586     34.2462631579
          7.310      1.0138635140     34.4412105263
          7.329      1.0272034682     34.6377894737
          7.348      1.0169440181     34.8314736842
          7.366      0.9849634222     35.0181578947
          7.385      0.9711236082     35.2013157895
          7.404      0.9647550836     35.3823684211
          7.422      0.9513123597     35.5600000000
          7.441      0.9675168203     35.7397368421
          7.459      0.9864890024     35.9220526316
          7.478      0.9701992974     36.1004210526
          7.497      0.9589550790     36.2757894737
          7.515      0.9791670006     36.4538947368
          7.534      0.9705440837     36.6294736842
          7.553      0.9896556699     36.8075263158
          7.571      0.9766604710     36.9822631579
          7.590      0.9839706197     37.1573157895
          7.608      0.9958670421     37.3334736842
          7.627      1.0205109084     37.5129473684
          7.646      0.9714315404     37.6827894737
          7.664      0.9693524099     37.8512631579
          7.683      0.9779511467     38.0202105263
          7.702      1.0081518302     38.1933157895
          7.720      0.9955885572     38.3632105263
          7.739      1.0105317576     38.5345789474
          7.757      1.0210221032     38.7066315789
          7.776      1.0423784410     38.8811578947
          7.795      1.0833578563     39.0613684211
          7.813      1.0701433304     39.2382105263
          7.832      1.0295449052     39.4072105263
          7.851      1.0675296856     39.5812631579
          7.869      1.1034824637     39.7599473684
          7.888      1.1049630936     39.9376315789
          7.906      1.1391455627     40.1195263158
          7.925      1.1416658419     40.3005263158
          7.944      1.1422678578     40.4803157895
          7.962      1.1392253346     40.6583157895
          7.981      1.1677505777     40.8394210526
          8.000      1.1410252675     41.0150526316
          8.018      1.1170452764     41.1856842105
          8.037      1.1059406885     41.3533157895
          8.055      1.0579666541     41.5124210526
          8.074      1.0579604488     41.6702631579
          8.093      0.9883011039     41.8165263158
          8.111      1.0082620282     41.9645263158
          8.130      0.9913647988     42.1088421053
          8.149      0.9716789986     42.2491052632
          8.167      0.8932342069     42.3769473684
          8.186      0.8735640120     42.5008947368
          8.204      0.8737990974     42.6237894737
          8.223      0.8699296376     42.7450526316
          8.242      0.8869902452     42.8675789474
          8.260      0.8978741915     42.9904736842
          8.279      0.8585513525     43.1068947368
          8.298      0.8694651158     43.2236842105
          8.316      0.8747014610     43.3400526316
          8.335      0.8673036313     43.4543157895
          8.353      0.9033813926     43.5721578947
          8.372      0.8587254029     43.6830526316
          8.391      0.8514941398     43.7918947368
          8.409      0.8716192306     43.9021578947
          8.428      0.8909583539     44.0136842105
          8.447      0.8780399136     44.1224210526
          8.465      0.9370716350     44.2372105263
          8.484      0.8945081350     44.3455789474
          8.502      0.9112282614     44.4547368421
          8.521      0.8919449436     44.5603684211
          8.540      0.9424062560     44.6706842105
          8.558      0.9572713727     44.7814210526
          8.577      0.9647270356     44.8916842105
          8.596      1.0055247717     45.0052105263
          8.614      0.9917098063     45.1157894737
          8.633      0.9780848790     45.2234736842
          8.651      1.0048486387     45.3326842105
          8.670      1.0348395054     45.4436842105
          8.689      1.0522799705     45.5550526316
          8.707      1.1242122872     45.6724210526
          8.726      1.1348442954     45.7892631579
          8.745      1.1054164937     45.9014736842
          8.763      1.1204516822     46.0135789474
          8.782      1.1536295953     46.1273157895
          8.800      1.1857263950     46.2424736842
          8.819      1.1902852808     46.3563157895
          8.838      1.2006671364     46.4693684211
          8.856      1.2722470453     46.5872631579
          8.875      1.2741109759     46.7034210526
          8.894      1.2561803759     46.8160526316
          8.912      1.1905680684     46.9210000000
          8.931      1.1974851609     47.0247368421
          8.949      1.1095079213     47.1191578947
          8.968      1.1034263343     47.2113684211
          8.987      1.0696216161     47.2991052632
          9.005      1.0614270840     47.3845263158
          9.024      1.0363338161     47.4663157895
          9.043      1.0470633379     47.5473157895
          9.061      1.0284733991     47.6252631579
          9.080      0.9857900720     47.6984210526
          9.098      0.9609116094     47.7682105263
          9.117      0.9416854041     47.8351052632
          9.136      0.9140929733     47.8985789474
          9.154      0.8713271399     47.9576842105
          9.173      0.7741209071     48.0089473684
          9.192      0.7739754130     48.0589473684
          9.210      0.7521801370     48.1063157895
          9.229      0.7773624189     48.1540000000
          9.247      0.7855049981     48.2008947368
          9.266      0.7017291479     48.2416315789
          9.285      0.7699183955     48.2850526316
          9.303      0.7990695524     48.3287894737
