# r/g(r)/dn[At1,At2]:      g(r)[ H, H]            dn(r)
          0.009      0.0000000000      0.0000000000
          0.028      0.0000000000      0.0000000000
          0.047      0.0000000000      0.0000000000
          0.065      0.0000000000      0.0000000000
          0.084      0.0000000000      0.0000000000
          0.102      0.0000000000      0.0000000000
          0.121      0.0000000000      0.0000000000
          0.140      0.0000000000      0.0000000000
          0.158      0.0000000000      0.0000000000
          0.177      0.0000000000      0.0000000000
          0.196      0.0000000000      0.0000000000
          0.214      0.0000000000      0.0000000000
          0.233      0.0000000000      0.0000000000
          0.251      0.0000000000      0.0000000000
          0.270      0.0000000000      0.0000000000
          0.289      0.0000000000      0.0000000000
          0.307      0.0000000000      0.0000000000
          0.326      0.0000000000      0.0000000000
          0.345      0.0000000000      0.0000000000
          0.363      0.0000000000      0.0000000000
          0.382      0.0000000000      0.0000000000
          0.400      0.0000000000      0.0000000000
          0.419      0.0000000000      0.0000000000
          0.438      0.0000000000      0.0000000000
          0.456      0.0000000000      0.0000000000
          0.475      0.0000000000      0.0000000000
          0.494      0.0000000000      0.0000000000
          0.512      0.0000000000      0.0000000000
          0.531      0.0000000000      0.0000000000
          0.549      0.0000000000      0.0000000000
          0.568      0.0000000000      0.0000000000
          0.587      0.0000000000      0.0000000000
          0.605      0.0000000000      0.0000000000
          0.624      0.0000000000      0.0000000000
          0.643      0.0000000000      0.0000000000
          0.661      0.0000000000      0.0000000000
          0.680      0.0000000000      0.0000000000
          0.698      0.0000000000      0.0000000000
          0.717      0.0000000000      0.0000000000
          0.736      0.0000000000      0.0000000000
          0.754      0.0000000000      0.0000000000
          0.773      0.0000000000      0.0000000000
          0.792      0.0000000000      0.0000000000
          0.810      0.0000000000      0.0000000000
          0.829      0.0000000000      0.0000000000
          0.847      0.0000000000      0.0000000000
          0.866      0.0000000000      0.0000000000
          0.885      0.0000000000      0.0000000000
          0.903      0.0000000000      0.0000000000
          0.922      0.0000000000      0.0000000000
          0.941      0.0000000000      0.0000000000
          0.959      0.0000000000      0.0000000000
          0.978      0.0000000000      0.0000000000
          0.996      0.0000000000      0.0000000000
          1.015      0.0000000000      0.0000000000
          1.034      0.0000000000      0.0000000000
          1.052      0.0000000000      0.0000000000
          1.071      0.0000000000      0.0000000000
          1.090      0.0000000000      0.0000000000
          1.108      0.0000000000      0.0000000000
          1.127      0.0000000000      0.0000000000
          1.145      0.0000000000      0.0000000000
          1.164      0.0000000000      0.0000000000
          1.183      0.0000000000      0.0000000000
          1.201      0.0000000000      0.0000000000
          1.220      0.0000000000      0.0000000000
          1.239      0.0000000000      0.0000000000
          1.257      0.0000000000      0.0000000000
          1.276      0.0000000000      0.0000000000
          1.294      0.0000000000      0.0000000000
          1.313      0.0000000000      0.0000000000
          1.332      0.0000000000      0.0000000000
          1.350      0.0152277920      0.0001081081
          1.369      0.0000000000      0.0001081081
          1.388      0.0144211791      0.0002162162
          1.406      0.0000000000      0.0002162162
          1.425      0.0410309938      0.0005405405
          1.443      0.1066106011      0.0014054054
          1.462      0.1688565848      0.0028108108
          1.481      0.1393068708      0.0040000000
          1.499      0.2099768476      0.0058378378
          1.518      0.3374094180      0.0088648649
          1.537      0.2939995256      0.0115675676
          1.555      0.4477197997      0.0157837838
          1.574      0.4932351577      0.0205405405
          1.592      0.4817650956      0.0252972973
          1.611      0.7702208662      0.0330810811
          1.630      0.7213534166      0.0405405405
          1.648      1.0423866605      0.0515675676
          1.667      1.2390559909      0.0649729730
          1.686      1.6711459032      0.0834594595
          1.704      2.0076713396      0.1061621622
          1.723      2.7128772154      0.1375135135
          1.741      2.6734700632      0.1690810811
          1.760      3.0025964916      0.2052972973
          1.779      2.8786109147      0.2407567568
          1.797      2.4410667905      0.2714594595
          1.816      2.5091294106      0.3036756757
          1.835      1.9057047837      0.3286486486
          1.853      1.7220653242      0.3516756757
          1.872      1.3313535801      0.3698378378
          1.890      1.0566305092      0.3845405405
          1.909      1.0437325486      0.3993513514
          1.928      0.8667497930      0.4118918919
          1.946      1.0847899569      0.4278918919
          1.965      1.0067918708      0.4430270270
          1.984      1.3196508310      0.4632432432
          2.002      1.1359092163      0.4809729730
          2.021      1.2782480358      0.5012972973
          2.039      1.1749009271      0.5203243243
          2.058      1.0488473809      0.5376216216
          2.077      1.1717597545      0.5572972973
          2.095      0.9296709612      0.5731891892
          2.114      1.1805350994      0.5937297297
          2.133      1.2088468741      0.6151351351
          2.151      1.3860060753      0.6401081081
          2.170      1.2915446745      0.6637837838
          2.188      1.6812778010      0.6951351351
          2.207      1.4364188583      0.7223783784
          2.226      1.5021603157      0.7513513514
          2.244      1.6427047511      0.7835675676
          2.263      1.4205813844      0.8118918919
          2.282      1.6375087215      0.8450810811
          2.300      1.5428754825      0.8768648649
          2.319      1.5336817404      0.9089729730
          2.337      1.5550756192      0.9420540541
          2.356      1.5255848320      0.9750270270
          2.375      1.4919005295      1.0077837838
          2.393      1.4445336145      1.0400000000
          2.412      1.4557204395      1.0729729730
          2.431      1.4663960462      1.1067027027
          2.449      1.3654891475      1.1385945946
          2.468      1.4589351766      1.1731891892
          2.486      1.5224918327      1.2098378378
          2.505      1.4379925205      1.2449729730
          2.524      1.5476317361      1.2833513514
          2.542      1.5679978207      1.3228108108
          2.561      1.5876098787      1.3633513514
          2.580      1.7108118850      1.4076756757
          2.598      1.5547528454      1.4485405405
          2.617      1.6178499851      1.4916756757
          2.635      1.6350402799      1.5358918919
          2.654      1.5924642432      1.5795675676
          2.673      1.6364260020      1.6250810811
          2.691      1.6023548150      1.6702702703
          2.710      1.6030903353      1.7161081081
          2.729      1.4321025701      1.7576216216
          2.747      1.6114181161      1.8049729730
          2.766      1.5353438522      1.8507027027
          2.784      1.5471042446      1.8974054054
          2.803      1.5937558050      1.9461621622
          2.822      1.6983295031      1.9988108108
          2.840      1.7518478085      2.0538378378
          2.859      1.7358909539      2.1090810811
          2.878      1.7403183907      2.1651891892
          2.896      1.8272443585      2.2248648649
          2.915      1.7941635049      2.2842162162
          2.933      1.8972937946      2.3477837838
          2.952      1.9371508479      2.4135135135
          2.971      1.9318144452      2.4798918919
          2.989      1.9761753267      2.5486486486
          3.008      2.0131550919      2.6195675676
          3.027      1.9460175935      2.6889729730
          3.045      1.8803669589      2.7568648649
          3.064      1.8634907566      2.8249729730
          3.082      1.9111741657      2.8956756757
          3.101      1.8218785115      2.9638918919
          3.120      1.8601009667      3.0343783784
          3.138      1.7253220490      3.1005405405
          3.157      1.4459275362      3.1566486486
          3.176      1.4978513787      3.2154594595
          3.194      1.5022057981      3.2751351351
          3.213      1.4014517288      3.3314594595
          3.231      1.4172513649      3.3890810811
          3.250      1.3274530278      3.4436756757
          3.269      1.3123684975      3.4982702703
          3.287      1.2949702482      3.5527567568
          3.306      1.1559348799      3.6019459459
          3.325      1.1053375786      3.6495135135
          3.343      1.1824880460      3.7009729730
          3.362      1.1743355513      3.7526486486
          3.380      1.0933972867      3.8012972973
          3.399      1.1367217032      3.8524324324
          3.418      1.1576454913      3.9050810811
          3.436      1.1169137588      3.9564324324
          3.455      0.9955767017      4.0027027027
          3.474      1.0102425184      4.0501621622
          3.492      1.0245396624      4.0988108108
          3.511      0.9393602157      4.1438918919
          3.529      0.8759774963      4.1863783784
          3.548      0.9991416889      4.2353513514
          3.567      0.8599585401      4.2779459459
          3.585      0.9612080561      4.3260540541
          3.604      0.9106815315      4.3721081081
          3.623      0.9711635030      4.4217297297
          3.641      0.9675364621      4.4716756757
          3.660      0.9432030259      4.5208648649
          3.678      0.9767685335      4.5723243243
          3.697      0.9019466811      4.6203243243
          3.716      0.8868939973      4.6680000000
          3.734      0.9238642498      4.7181621622
          3.753      0.8536045856      4.7649729730
          3.772      0.8022518359      4.8094054054
          3.790      0.7634616560      4.8521081081
          3.809      0.7674970555      4.8954594595
          3.827      0.7467780561      4.9380540541
          3.846      0.7001445403      4.9783783784
          3.865      0.7194386373      5.0202162162
          3.883      0.7236014603      5.0627027027
          3.902      0.6729415163      5.1025945946
          3.921      0.6683693754      5.1425945946
          3.939      0.7121661953      5.1856216216
          3.958      0.6859810683      5.2274594595
          3.976      0.6830820672      5.2695135135
          3.995      0.7341366518      5.3151351351
          4.014      0.7342333488      5.3611891892
          4.032      0.6916052560      5.4049729730
          4.051      0.7275603168      5.4514594595
          4.070      0.6823553547      5.4954594595
          4.088      0.7010717802      5.5410810811
          4.107      0.7243601999      5.5886486486
          4.125      0.6688912169      5.6329729730
          4.144      0.7130133530      5.6806486486
          4.163      0.7002377064      5.7278918919
          4.181      0.7400692224      5.7782702703
          4.200      0.7838904509      5.8321081081
          4.219      0.8284708617      5.8895135135
          4.237      0.8536805995      5.9491891892
          4.256      0.9228757295      6.0142702703
          4.274      0.9026932886      6.0784864865
          4.293      0.9009039245      6.1431351351
          4.312      1.0036595988      6.2157837838
          4.330      0.9906023849      6.2881081081
          4.349      1.0423264308      6.3648648649
          4.368      1.0378223353      6.4419459459
          4.386      0.9669681347      6.5143783784
          4.405      0.9845671386      6.5887567568
          4.423      0.9663602952      6.6623783784
          4.442      0.9554593323      6.7357837838
          4.461      1.0382001912      6.8162162162
          4.479      1.0157459707      6.8955675676
          4.498      0.9963721168      6.9740540541
          4.517      0.9514213874      7.0496216216
          4.535      0.9584724687      7.1263783784
          4.554      0.9479703649      7.2029189189
          4.572      0.9057338870      7.2766486486
          4.591      0.9010346539      7.3505945946
          4.610      0.9172885029      7.4264864865
          4.628      0.8204841073      7.4949189189
          4.647      0.8216351537      7.5640000000
          4.666      0.8010570409      7.6318918919
          4.684      0.8238047145      7.7022702703
          4.703      0.8022271596      7.7713513514
          4.721      0.9204660679      7.8512432432
          4.740      0.8934741677      7.9294054054
          4.759      0.9723232248      8.0151351351
          4.777      0.9221758657      8.0970810811
          4.796      0.9041628118      8.1780540541
          4.815      0.9055657626      8.2597837838
          4.833      0.9318813846      8.3445405405
          4.852      0.9955115279      8.4357837838
          4.870      0.9410917550      8.5227027027
          4.889      0.9606522500      8.6121081081
          4.908      1.0455994886      8.7101621622
          4.926      1.0365640988      8.8081081081
          4.945      1.0094667814      8.9042162162
          4.964      1.0661444133      9.0064864865
          4.982      1.0078515033      9.1038918919
          5.001      1.0292253810      9.2041081081
          5.019      1.0480507546      9.3069189189
          5.038      1.0851667394      9.4141621622
          5.057      1.0663288622      9.5203243243
          5.075      0.9906080348      9.6196756757
          5.094      1.0229692578      9.7230270270
          5.113      0.9677273928      9.8215135135
          5.131      0.9396234704      9.9178378378
          5.150      0.9213226814     10.0129729730
          5.168      0.9417195539     10.1109189189
          5.187      0.9504485227     10.2104864865
          5.206      0.9467334435     10.3103783784
          5.224      0.9501682635     10.4113513514
          5.243      0.9939343016     10.5177297297
          5.262      0.9738716143     10.6227027027
          5.280      0.9620339203     10.7271351351
          5.299      0.9068264573     10.8262702703
          5.317      0.9908281405     10.9353513514
          5.336      1.0112275622     11.0474594595
          5.355      0.9606282888     11.1547027027
          5.373      0.9972556879     11.2668108108
          5.392      1.0553209154     11.3862702703
          5.411      1.0490163570     11.5058378378
          5.429      0.9881384063     11.6192432432
          5.448      1.0216221725     11.7372972973
          5.466      0.9998053940     11.8536216216
          5.485      1.0262510327     11.9738378378
          5.504      1.0028171961     12.0921081081
          5.522      1.0079004735     12.2117837838
          5.541      1.0400239171     12.3361081081
          5.560      1.0887630616     12.4671351351
          5.578      0.9547937252     12.5828108108
          5.597      0.9564272177     12.6994594595
          5.615      1.0645623564     12.8301621622
          5.634      1.0024282553     12.9540540541
          5.653      0.9445644489     13.0715675676
          5.671      0.9582257338     13.1915675676
          5.690      0.9296646141     13.3087567568
          5.709      0.9372407818     13.4276756757
          5.727      0.8998341619     13.5425945946
          5.746      0.9066253941     13.6591351351
          5.764      0.8807218313     13.7730810811
          5.783      0.9082670789     13.8913513514
          5.802      0.8818222764     14.0069189189
          5.820      0.9237263609     14.1287567568
          5.839      0.9398319082     14.2535135135
          5.858      0.9265815677     14.3772972973
          5.876      0.9625313756     14.5067027027
          5.895      0.9268939227     14.6321081081
          5.913      0.9631475362     14.7632432432
          5.932      1.0076077578     14.9012972973
          5.951      1.0020943413     15.0394594595
          5.969      0.9584479368     15.1724324324
          5.988      0.9772752174     15.3088648649
          6.007      0.9404403521     15.4409729730
          6.025      0.9866443424     15.5804324324
          6.044      1.0482246193     15.7295135135
          6.063      0.9873999380     15.8708108108
          6.081      0.9708489150     16.0105945946
          6.100      1.0500040804     16.1627027027
          6.118      1.0169186378     16.3109189189
          6.137      1.0704719224     16.4678918919
          6.156      1.0258990133     16.6192432432
          6.174      1.0539523383     16.7756756757
          6.193      1.0230064470     16.9284324324
          6.212      1.0471064309     17.0857297297
          6.230      1.0279785103     17.2410810811
          6.249      1.0545704939     17.4014054054
          6.267      1.0136745198     17.5564324324
          6.286      1.0322710771     17.7152432432
          6.305      0.9919516814     17.8687567568
          6.323      1.0541726289     18.0328648649
          6.342      0.9982827891     18.1891891892
          6.361      1.0233301093     18.3503783784
          6.379      1.0432919602     18.5156756757
          6.398      1.0440100173     18.6820540541
          6.416      1.0001893572     18.8423783784
          6.435      0.9689274860     18.9985945946
          6.454      1.0266768677     19.1650810811
          6.472      1.0187879167     19.3312432432
          6.491      0.9806564831     19.4921081081
          6.510      0.9986427328     19.6568648649
          6.528      1.0046802615     19.8235675676
          6.547      1.0132243832     19.9926486486
          6.565      1.0042628945     20.1611891892
          6.584      0.9930250627     20.3286486486
          6.603      1.0273086688     20.5016216216
          6.621      1.0901633604     20.6846486486
          6.640      1.0384652456     20.8584864865
          6.659      1.0642228372     21.0361081081
          6.677      1.0349462921     21.2083243243
          6.696      1.0420189469     21.3811891892
          6.714      1.1629109436     21.5735135135
          6.733      1.0675461703     21.7495135135
          6.752      1.0360796449     21.9197837838
          6.770      1.0902388840     22.0983783784
          6.789      0.9997847400     22.2616216216
          6.808      1.0190415919     22.4274594595
          6.826      1.0677886304     22.6006486486
          6.845      1.0968374566     22.7779459459
          6.863      1.0677359001     22.9499459459
          6.882      1.0660795252     23.1210810811
          6.901      1.0921569092     23.2957837838
          6.919      1.1286314849     23.4756756757
          6.938      1.0918895872     23.6490810811
          6.957      1.0815618523     23.8202162162
          6.975      1.0903964449     23.9921081081
          6.994      1.0614743753     24.1588108108
          7.012      1.0081832270     24.3165405405
          7.031      0.9767137078     24.4687567568
          7.050      0.9533890732     24.6167567568
          7.068      0.9278154715     24.7602162162
          7.087      0.9097912596     24.9003243243
          7.106      0.8944720986     25.0375135135
          7.124      0.8578252080     25.1685405405
          7.143      0.7967382128     25.2897297297
          7.161      0.7337364550     25.4008648649
          7.180      0.7741605661     25.5176216216
          7.199      0.7674470659     25.6328648649
          7.217      0.7339476835     25.7425945946
          7.236      0.7183355689     25.8495135135
          7.255      0.7288749986     25.9575135135
          7.273      0.7461335864     26.0675675676
          7.292      0.7922958659     26.1838918919
          7.310      0.7693786517     26.2963243243
          7.329      0.7797217252     26.4097297297
          7.348      0.8551710493     26.5335135135
          7.366      0.8765971069     26.6597837838
          7.385      0.9208930767     26.7917837838
          7.404      0.9057843534     26.9209729730
          7.422      0.9294102733     27.0528648649
          7.441      0.9364671531     27.1850810811
          7.459      0.9890443544     27.3240000000
          7.478      0.9911440830     27.4624864865
          7.497      1.0353080774     27.6063783784
          7.515      0.9931810194     27.7436756757
          7.534      1.0025307106     27.8815135135
          7.553      1.0080697439     28.0193513514
          7.571      0.9811128470     28.1527567568
          7.590      0.9994663459     28.2878918919
          7.608      1.0446073432     28.4283243243
          7.627      1.0797987341     28.5726486486
          7.646      1.0267645491     28.7090810811
          7.664      1.1188266710     28.8568648649
          7.683      1.1708735628     29.0105945946
          7.702      1.1763828641     29.1641081081
          7.720      1.1961800291     29.3192432432
          7.739      1.1676241837     29.4697297297
          7.757      1.1809627892     29.6209729730
          7.776      1.1630881278     29.7689729730
          7.795      1.2023247237     29.9209729730
          7.813      1.2120027422     30.0731891892
          7.832      1.1785341529     30.2202162162
          7.851      1.1970110320     30.3685405405
          7.869      1.1982247984     30.5160000000
          7.888      1.1694322481     30.6589189189
          7.906      1.2356066187     30.8088648649
          7.925      1.2274143739     30.9567567568
          7.944      1.2571164236     31.1071351351
          7.962      1.1753319697     31.2467027027
          7.981      1.2051998234     31.3887567568
          8.000      1.2050773464     31.5297297297
          8.018      1.1509978505     31.6633513514
          8.037      1.1777806136     31.7990270270
          8.055      1.1870686457     31.9347027027
          8.074      1.1641445419     32.0667027027
          8.093      1.0995754480     32.1903783784
          8.111      1.1541656180     32.3191351351
          8.130      1.0494665503     32.4352432432
          8.149      1.0672160190     32.5523243243
          8.167      1.0773712686     32.6695135135
          8.186      1.0536704845     32.7831351351
          8.204      1.0205026788     32.8922162162
          8.223      0.9980189396     32.9979459459
          8.242      1.0235770221     33.1054054054
          8.260      0.9997742603     33.2094054054
          8.279      0.9608927214     33.3084324324
          8.298      0.9763916504     33.4081081081
          8.316      0.9868953128     33.5078918919
          8.335      0.9533894039     33.6033513514
          8.353      0.7862317686     33.6812972973
          8.372      0.8547709856     33.7651891892
          8.391      0.8546545812     33.8482162162
          8.409      0.8388414449     33.9288648649
          8.428      0.7897861765     34.0040000000
          8.447      0.7558021286     34.0751351351
          8.465      0.7420211096     34.1442162162
          8.484      0.7725953990     34.2153513514
          8.502      0.7694700323     34.2854054054
          8.521      0.7110672196     34.3494054054
          8.540      0.7619258336     34.4171891892
          8.558      0.7070586776     34.4793513514
          8.577      0.7492300528     34.5444324324
          8.596      0.7622479756     34.6098378378
          8.614      0.7679860342     34.6749189189
          8.633      0.7609997011     34.7385945946
          8.651      0.7630436423     34.8016216216
          8.670      0.7704967804     34.8644324324
          8.689      0.7902986546     34.9280000000
          8.707      0.7984346143     34.9913513514
          8.726      0.8704065085     35.0594594595
          8.745      0.8996468092     35.1288648649
          8.763      0.8174847320     35.1910270270
          8.782      0.9060862536     35.2589189189
          8.800      0.9139449460     35.3263783784
          8.819      0.9102155313     35.3925405405
          8.838      0.9366521020     35.4595675676
          8.856      0.8135749687     35.5168648649
          8.875      0.8971623595     35.5790270270
          8.894      1.0153516552     35.6482162162
          8.912      0.9117500592     35.7092972973
          8.931      0.9901456964     35.7744864865
          8.949      1.0263006775     35.8408648649
          8.968      0.9464165153     35.9009729730
          8.987      0.9433910393     35.9597837838
          9.005      0.9650783298     36.0188108108
          9.024      1.0129388929     36.0795675676
          9.043      1.0131744010     36.1391351351
          9.061      1.0829591971     36.2015135135
          9.080      1.1596402753     36.2669189189
          9.098      1.0615427262     36.3255135135
          9.117      1.1393858739     36.3870270270
          9.136      1.1062036789     36.4454054054
          9.154      1.1009283734     36.5021621622
          9.173      1.1642530986     36.5607567568
          9.192      1.1494030316     36.6171891892
          9.210      1.1248820067     36.6710270270
          9.229      1.0759983366     36.7211891892
          9.247      1.1436964210     36.7730810811
          9.266      1.0806011391     36.8207567568
          9.285      0.9508902051     36.8615135135
          9.303      1.0447391943     36.9049729730
