# r/g(r)/dn[At1,At2]:      g(r)[ N, C]            dn(r)
          0.009      0.0000000000      0.0000000000
          0.028      0.0000000000      0.0000000000
          0.047      0.0000000000      0.0000000000
          0.065      0.0000000000      0.0000000000
          0.084      0.0000000000      0.0000000000
          0.102      0.0000000000      0.0000000000
          0.121      0.0000000000      0.0000000000
          0.140      0.0000000000      0.0000000000
          0.158      0.0000000000      0.0000000000
          0.177      0.0000000000      0.0000000000
          0.196      0.0000000000      0.0000000000
          0.214      0.0000000000      0.0000000000
          0.233      0.0000000000      0.0000000000
          0.251      0.0000000000      0.0000000000
          0.270      0.0000000000      0.0000000000
          0.289      0.0000000000      0.0000000000
          0.307      0.0000000000      0.0000000000
          0.326      0.0000000000      0.0000000000
          0.345      0.0000000000      0.0000000000
          0.363      0.0000000000      0.0000000000
          0.382      0.0000000000      0.0000000000
          0.400      0.0000000000      0.0000000000
          0.419      0.0000000000      0.0000000000
          0.438      0.0000000000      0.0000000000
          0.456      0.0000000000      0.0000000000
          0.475      0.0000000000      0.0000000000
          0.494      0.0000000000      0.0000000000
          0.512      0.0000000000      0.0000000000
          0.531      0.0000000000      0.0000000000
          0.549      0.0000000000      0.0000000000
          0.568      0.0000000000      0.0000000000
          0.587      0.0000000000      0.0000000000
          0.605      0.0000000000      0.0000000000
          0.624      0.0000000000      0.0000000000
          0.643      0.0000000000      0.0000000000
          0.661      0.0000000000      0.0000000000
          0.680      0.0000000000      0.0000000000
          0.698      0.0000000000      0.0000000000
          0.717      0.0000000000      0.0000000000
          0.736      0.0000000000      0.0000000000
          0.754      0.0000000000      0.0000000000
          0.773      0.0000000000      0.0000000000
          0.792      0.0000000000      0.0000000000
          0.810      0.0000000000      0.0000000000
          0.829      0.0000000000      0.0000000000
          0.847      0.0000000000      0.0000000000
          0.866      0.0000000000      0.0000000000
          0.885      0.0000000000      0.0000000000
          0.903      0.0000000000      0.0000000000
          0.922      0.0000000000      0.0000000000
          0.941      0.0000000000      0.0000000000
          0.959      0.0000000000      0.0000000000
          0.978      0.0000000000      0.0000000000
          0.996      0.0000000000      0.0000000000
          1.015      0.0000000000      0.0000000000
          1.034      0.0000000000      0.0000000000
          1.052      0.0000000000      0.0000000000
          1.071      0.0000000000      0.0000000000
          1.090      0.0000000000      0.0000000000
          1.108      0.0000000000      0.0000000000
          1.127      0.0000000000      0.0000000000
          1.145      0.0000000000      0.0000000000
          1.164      0.0000000000      0.0000000000
          1.183      0.0000000000      0.0000000000
          1.201      0.0000000000      0.0000000000
          1.220      0.0000000000      0.0000000000
          1.239      0.0000000000      0.0000000000
          1.257      0.0000000000      0.0000000000
          1.276      0.0000000000      0.0000000000
          1.294      0.0000000000      0.0000000000
          1.313      0.0000000000      0.0000000000
          1.332      0.0000000000      0.0000000000
          1.350      0.0000000000      0.0000000000
          1.369      0.0390593535      0.0003750000
          1.388      0.4604382033      0.0049166667
          1.406      0.9048703280      0.0140833333
          1.425      1.4462456518      0.0291250000
          1.443      1.8580673026      0.0489583333
          1.462      1.3392492003      0.0636250000
          1.481      0.8865879742      0.0735833333
          1.499      0.5861133152      0.0803333333
          1.518      0.4129800898      0.0852083333
          1.537      0.3651376109      0.0896250000
          1.555      0.3766203648      0.0942916667
          1.574      0.2823864693      0.0978750000
          1.592      0.1539458465      0.0998750000
          1.611      0.1284726622      0.1015833333
          1.630      0.0520585428      0.1022916667
          1.648      0.0449018273      0.1029166667
          1.667      0.0175616202      0.1031666667
          1.686      0.0143130552      0.1033750000
          1.704      0.0196026799      0.1036666667
          1.723      0.0164409714      0.1039166667
          1.741      0.0053637256      0.1040000000
          1.760      0.0105016186      0.1041666667
          1.779      0.0000000000      0.1041666667
          1.797      0.0000000000      0.1041666667
          1.816      0.0000000000      0.1041666667
          1.835      0.0000000000      0.1041666667
          1.853      0.0000000000      0.1041666667
          1.872      0.0000000000      0.1041666667
          1.890      0.0000000000      0.1041666667
          1.909      0.0000000000      0.1041666667
          1.928      0.0000000000      0.1041666667
          1.946      0.0000000000      0.1041666667
          1.965      0.0000000000      0.1041666667
          1.984      0.0000000000      0.1041666667
          2.002      0.0000000000      0.1041666667
          2.021      0.0000000000      0.1041666667
          2.039      0.0000000000      0.1041666667
          2.058      0.0000000000      0.1041666667
          2.077      0.0000000000      0.1041666667
          2.095      0.0000000000      0.1041666667
          2.114      0.0000000000      0.1041666667
          2.133      0.0000000000      0.1041666667
          2.151      0.0000000000      0.1041666667
          2.170      0.0000000000      0.1041666667
          2.188      0.0000000000      0.1041666667
          2.207      0.0000000000      0.1041666667
          2.226      0.0000000000      0.1041666667
          2.244      0.0000000000      0.1041666667
          2.263      0.0079410680      0.1043750000
          2.282      0.0171862852      0.1048333333
          2.300      0.0522644696      0.1062500000
          2.319      0.0605038307      0.1079166667
          2.337      0.1086668378      0.1109583333
          2.356      0.1333281946      0.1147500000
          2.375      0.2523942006      0.1220416667
          2.393      0.3095365696      0.1311250000
          2.412      0.2600370126      0.1388750000
          2.431      0.2780943335      0.1472916667
          2.449      0.2548990222      0.1551250000
          2.468      0.2043250113      0.1615000000
          2.486      0.1920667610      0.1675833333
          2.505      0.2553192592      0.1757916667
          2.524      0.3064746790      0.1857916667
          2.542      0.3120673654      0.1961250000
          2.561      0.4340349007      0.2107083333
          2.580      0.3813441419      0.2237083333
          2.598      0.3963779997      0.2374166667
          2.617      0.5249666400      0.2558333333
          2.635      0.5983704410      0.2771250000
          2.654      0.7031527837      0.3025000000
          2.673      0.6865555325      0.3276250000
          2.691      0.7758978325      0.3564166667
          2.710      0.9468961206      0.3920416667
          2.729      1.0170367919      0.4308333333
          2.747      1.0927383112      0.4730833333
          2.766      1.1067769346      0.5164583333
          2.784      1.0689418937      0.5589166667
          2.803      1.1831384037      0.6065416667
          2.822      1.2574627513      0.6578333333
          2.840      1.3236933933      0.7125416667
          2.859      1.5015329362      0.7754166667
          2.878      1.4634965516      0.8375000000
          2.896      1.5106682047      0.9024166667
          2.915      1.6608608059      0.9747083333
          2.933      1.8458805208      1.0560833333
          2.952      1.7564005487      1.1345000000
          2.971      1.8634694300      1.2187500000
          2.989      1.8803675918      1.3048333333
          3.008      1.8256915321      1.3894583333
          3.027      1.9453519969      1.4807500000
          3.045      1.8663739946      1.5694166667
          3.064      1.7510441255      1.6536250000
          3.082      1.7248115498      1.7375833333
          3.101      1.7143041885      1.8220416667
          3.120      1.5819167334      1.9009166667
          3.138      1.6044848999      1.9818750000
          3.157      1.5325647839      2.0601250000
          3.176      1.4001147407      2.1324583333
          3.194      1.2786120807      2.1992916667
          3.213      1.0739408434      2.2560833333
          3.231      1.1083289014      2.3153750000
          3.250      1.0502343966      2.3722083333
          3.269      1.0108962305      2.4275416667
          3.287      1.0348467396      2.4848333333
          3.306      1.0864729323      2.5456666667
          3.325      0.9470325123      2.5992916667
          3.343      0.9146799668      2.6516666667
          3.362      0.8189373098      2.6990833333
          3.380      0.8206138993      2.7471250000
          3.399      0.8700727463      2.7986250000
          3.418      0.8278898562      2.8481666667
          3.436      0.7962105882      2.8963333333
          3.455      0.8694121666      2.9495000000
          3.474      0.8574174486      3.0025000000
          3.492      0.8316235872      3.0544583333
          3.511      0.8360202673      3.1072500000
          3.529      0.7704181216      3.1564166667
          3.548      0.8069291414      3.2084583333
          3.567      0.8260149143      3.2622916667
          3.585      0.7832891649      3.3138750000
          3.604      0.7658213514      3.3648333333
          3.623      0.7300776293      3.4139166667
          3.641      0.8091224362      3.4688750000
          3.660      0.8379477871      3.5263750000
          3.678      0.7555514940      3.5787500000
          3.697      0.7479580759      3.6311250000
          3.716      0.7446021456      3.6837916667
          3.734      0.7523570153      3.7375416667
          3.753      0.6871631911      3.7871250000
          3.772      0.7598676612      3.8425000000
          3.790      0.8311133785      3.9036666667
          3.809      0.8342176224      3.9656666667
          3.827      0.7533889689      4.0222083333
          3.846      0.7516081360      4.0791666667
          3.865      0.8010129711      4.1404583333
          3.883      0.7938871594      4.2017916667
          3.902      0.8573735399      4.2686666667
          3.921      0.8132662863      4.3327083333
          3.939      0.8564350219      4.4007916667
          3.958      0.8753924946      4.4710416667
          3.976      0.8528092303      4.5401250000
          3.995      0.8438570276      4.6091250000
          4.014      0.7885870120      4.6742083333
          4.032      0.7578093826      4.7373333333
          4.051      0.7582912802      4.8010833333
          4.070      0.7921266877      4.8682916667
          4.088      0.7669204732      4.9339583333
          4.107      0.7165801873      4.9958750000
          4.125      0.6824077138      5.0553750000
          4.144      0.7226993942      5.1189583333
          4.163      0.6913705659      5.1803333333
          4.181      0.6977852244      5.2428333333
          4.200      0.6943766151      5.3055833333
          4.219      0.7380730151      5.3728750000
          4.237      0.7293337205      5.4399583333
          4.256      0.7449672876      5.5090833333
          4.274      0.7732103706      5.5814583333
          4.293      0.7643095142      5.6536250000
          4.312      0.8189683101      5.7316250000
          4.330      0.8696243900      5.8151666667
          4.349      0.9447557462      5.9067083333
          4.368      0.9870259294      6.0031666667
          4.386      0.9207448930      6.0939166667
          4.405      0.9586656052      6.1892083333
          4.423      0.9202666119      6.2814583333
          4.442      0.8787669523      6.3702916667
          4.461      0.8714439369      6.4591250000
          4.479      0.7794933524      6.5392500000
          4.498      0.7766693202      6.6197500000
          4.517      0.7483488404      6.6979583333
          4.535      0.7200710041      6.7738333333
          4.554      0.7706694457      6.8557083333
          4.572      0.7457314141      6.9355833333
          4.591      0.7134546733      7.0126250000
          4.610      0.7429138532      7.0935000000
          4.628      0.7631441931      7.1772500000
          4.647      0.7822737080      7.2637916667
          4.666      0.7285888034      7.3450416667
          4.684      0.6964888173      7.4233333333
          4.703      0.7362149959      7.5067500000
          4.721      0.8037517386      7.5985416667
          4.740      0.8611567869      7.6976666667
          4.759      0.8680769125      7.7983750000
          4.777      0.9151318046      7.9053750000
          4.796      0.8832859862      8.0094583333
          4.815      0.9599715787      8.1234583333
          4.833      0.9828778208      8.2410833333
          4.852      1.0309717114      8.3654166667
          4.870      1.0632166506      8.4946250000
          4.889      1.1126345218      8.6308750000
          4.908      1.0609827894      8.7617916667
          4.926      1.1478169256      8.9045000000
          4.945      1.1129106313      9.0439166667
          4.964      1.1474895791      9.1887500000
          4.982      1.1159904646      9.3306666667
          5.001      1.0855783388      9.4697500000
          5.019      1.1459726016      9.6176666667
          5.038      1.1458463755      9.7666666667
          5.057      1.0820767587      9.9084166667
          5.075      1.1252994678     10.0569166667
          5.094      1.0945182531     10.2024166667
          5.113      1.0865581555     10.3479166667
          5.131      1.1067946309     10.4972083333
          5.150      1.1306971869     10.6508333333
          5.168      1.0918117380     10.8002500000
          5.187      1.0773349485     10.9487500000
          5.206      1.0789435565     11.0985416667
          5.224      1.0584508224     11.2465416667
          5.243      1.0802356271     11.3986666667
          5.262      1.1031549099     11.5551250000
          5.280      1.0443362874     11.7042916667
          5.299      0.9947162688     11.8473750000
          5.317      1.0139355981     11.9942500000
          5.336      1.0742801686     12.1509583333
          5.355      1.0923487133     12.3114166667
          5.373      1.0664793692     12.4691666667
          5.392      1.0831826609     12.6305000000
          5.411      1.1174118757     12.7980833333
          5.429      1.1436968093     12.9707916667
          5.448      1.1769958270     13.1497500000
          5.466      1.1967508732     13.3329583333
          5.485      1.1634967268     13.5122916667
          5.504      1.1279795222     13.6873333333
          5.522      1.1683887451     13.8698750000
          5.541      1.2254488769     14.0626250000
          5.560      1.1859391324     14.2504166667
          5.578      1.1767260084     14.4380000000
          5.597      1.1470973509     14.6220833333
          5.615      1.1240253697     14.8036666667
          5.634      1.0940587410     14.9815833333
          5.653      1.1006058587     15.1617500000
          5.671      1.0804926757     15.3397916667
          5.690      1.0623773109     15.5160000000
          5.709      1.0302491488     15.6880000000
          5.727      1.0399242889     15.8627500000
          5.746      1.0208758929     16.0354166667
          5.764      0.9922611290     16.2043333333
          5.783      1.0170079850     16.3785833333
          5.802      1.0119384941     16.5530833333
          5.820      1.0129150644     16.7288750000
          5.839      0.9838006763     16.9007083333
          5.858      1.0140585555     17.0789583333
          5.876      0.9789045945     17.2521250000
          5.895      1.0085388279     17.4316666667
          5.913      0.9870780073     17.6085000000
          5.932      1.0137090319     17.7912500000
          5.951      1.0057656161     17.9737083333
          5.969      1.0451488384     18.1645000000
          5.988      1.0688257196     18.3608333333
          6.007      1.0574736775     18.5562916667
          6.025      1.0397443554     18.7496666667
          6.044      1.0489318606     18.9459583333
          6.063      1.0449309049     19.1427083333
          6.081      0.9795969420     19.3282916667
          6.100      0.9428018603     19.5080000000
          6.118      0.9140403072     19.6832916667
          6.137      0.9056933389     19.8580416667
          6.156      0.9186803534     20.0363750000
          6.174      0.9573099954     20.2233333333
          6.193      0.9541052493     20.4107916667
          6.212      0.9779041504     20.6040833333
          6.230      0.9523689740     20.7934583333
          6.249      0.9979406628     20.9930833333
          6.267      1.0054769986     21.1954166667
          6.286      1.0252566347     21.4029583333
          6.305      0.9770563976     21.6019166667
          6.323      0.9993803629     21.8066250000
          6.342      0.9823966765     22.0090416667
          6.361      0.9583570550     22.2076666667
          6.379      0.9923427735     22.4145416667
          6.398      1.0026685095     22.6247916667
          6.416      0.9988314917     22.8354583333
          6.435      0.9857906799     23.0445833333
          6.454      1.0125253382     23.2606250000
          6.472      0.9568077851     23.4659583333
          6.491      0.9575020939     23.6726250000
          6.510      1.0028952100     23.8903333333
          6.528      1.0082499061     24.1104583333
          6.547      1.0154251553     24.3334166667
          6.565      0.9717456694     24.5480000000
          6.584      1.0187148048     24.7740416667
          6.603      1.0043065856     24.9965416667
          6.621      1.0279576174     25.2236250000
          6.640      1.0179184767     25.4478333333
          6.659      1.0213238505     25.6721250000
          6.677      1.0670301145     25.9057500000
          6.696      1.0977782019     26.1453750000
          6.714      1.1025194334     26.3852916667
          6.733      1.1248054649     26.6292916667
          6.752      1.0553570305     26.8575000000
          6.770      1.0083081798     27.0748333333
          6.789      1.0218845623     27.2943750000
          6.808      1.0540700394     27.5200833333
          6.826      1.0376959762     27.7415416667
          6.845      0.9877461592     27.9516250000
          6.863      0.9964603903     28.1628333333
          6.882      1.0161184120     28.3774583333
          6.901      0.9832906837     28.5844166667
          6.919      0.9536393436     28.7844166667
          6.938      0.9618907378     28.9854166667
          6.957      1.0004552466     29.1937083333
          6.975      0.9883175073     29.3987083333
          6.994      0.9716864584     29.5995000000
          7.012      1.0069811579     29.8067916667
          7.031      0.9907689973     30.0099583333
          7.050      1.0277061809     30.2198750000
          7.068      1.0166384791     30.4267083333
          7.087      1.0513725519     30.6397500000
          7.106      1.0104462683     30.8436666667
          7.124      1.0046705629     31.0455833333
          7.143      0.9568285774     31.2370833333
          7.161      0.9249242883     31.4214166667
          7.180      0.9841160776     31.6167083333
          7.199      0.9803809298     31.8104166667
          7.217      1.0056662035     32.0082500000
          7.236      1.0018526551     32.2044583333
          7.255      1.0392880131     32.4070833333
          7.273      1.0622887594     32.6132500000
          7.292      1.0840309605     32.8226666667
          7.310      1.1040660713     33.0349583333
          7.329      1.1110504983     33.2475833333
          7.348      1.0481362887     33.4472083333
          7.366      1.0846769685     33.6527916667
          7.385      1.1242685919     33.8648333333
          7.404      1.1398740236     34.0787500000
          7.422      1.1326959163     34.2902500000
          7.441      1.1147219783     34.4973333333
          7.459      1.0546708467     34.6922500000
          7.478      1.0769813387     34.8902500000
          7.497      1.0241541432     35.0775416667
          7.515      0.9822534214     35.2562083333
          7.534      0.9947519241     35.4361666667
          7.553      0.9759307674     35.6117500000
          7.571      0.9823233367     35.7875000000
          7.590      1.0134192293     35.9677916667
          7.608      1.0948487479     36.1614583333
          7.627      1.0296635845     36.3425416667
          7.646      1.0726662264     36.5300833333
          7.664      1.0610840566     36.7145000000
          7.683      1.0752131104     36.9002500000
          7.702      1.0813084847     37.0859166667
          7.720      1.0552940564     37.2660000000
          7.739      1.0781384840     37.4488333333
          7.757      0.9843618189     37.6147083333
          7.776      0.9854814272     37.7797083333
          7.795      1.0014363011     37.9462916667
          7.813      1.0226875696     38.1152916667
          7.832      1.0369060497     38.2855000000
          7.851      1.1004293128     38.4649166667
          7.869      1.1249887248     38.6470833333
          7.888      1.1162549262     38.8265833333
          7.906      1.1082305278     39.0035416667
          7.925      1.1353582958     39.1835416667
          7.944      1.1383109385     39.3627083333
          7.962      1.1125580749     39.5365416667
          7.981      1.1243544414     39.7109166667
          8.000      1.1136422568     39.8823333333
          8.018      1.1071824075     40.0514583333
          8.037      1.0248036479     40.2067916667
          8.055      1.0303917431     40.3617500000
          8.074      1.0495233406     40.5183333333
          8.093      1.0462098348     40.6731666667
          8.111      1.0093974584     40.8213333333
          8.130      1.0676213119     40.9767500000
          8.149      1.0443270438     41.1275000000
          8.167      1.0343687664     41.2755416667
          8.186      1.0671638495     41.4269583333
          8.204      1.0327482052     41.5722083333
          8.223      1.0724978888     41.7217083333
          8.242      1.0837658052     41.8714166667
          8.260      1.0986461667     42.0217916667
          8.279      1.1058732677     42.1717500000
          8.298      1.0832069908     42.3172500000
          8.316      1.1074540735     42.4645833333
          8.335      1.0775212261     42.6065416667
          8.353      1.1304203555     42.7540000000
          8.372      1.1728340047     42.9054583333
          8.391      1.1356686427     43.0506250000
          8.409      1.1030629130     43.1901666667
          8.428      1.1104393641     43.3291666667
          8.447      1.0345974901     43.4572916667
          8.465      1.0224650268     43.5825416667
          8.484      1.0675593283     43.7118750000
          8.502      1.1026052352     43.8439583333
          8.521      1.0836368149     43.9722916667
          8.540      1.0746136539     44.0980833333
          8.558      1.1454043160     44.2305833333
          8.577      1.0798112193     44.3540000000
          8.596      1.0864826462     44.4766666667
          8.614      1.0522854490     44.5940000000
          8.633      1.0676191640     44.7115416667
          8.651      1.0784366505     44.8287500000
          8.670      1.1043726403     44.9472083333
          8.689      1.0031304728     45.0533750000
          8.707      1.0268939851     45.1605833333
          8.726      1.0635331336     45.2700833333
          8.745      1.0257637691     45.3742083333
          8.763      0.9519894046     45.4694583333
          8.782      0.9661180750     45.5647083333
          8.800      0.9331227772     45.6553333333
          8.819      1.0224686301     45.7531250000
          8.838      0.9593785048     45.8434583333
          8.856      0.9595336440     45.9323750000
          8.875      0.9999875678     46.0235416667
          8.894      0.9410346566     46.1079166667
          8.912      1.0380153395     46.1994166667
          8.931      1.1043271744     46.2950833333
          8.949      1.1011330125     46.3887916667
          8.968      1.1373048397     46.4838333333
          8.987      1.1185470199     46.5755833333
          9.005      1.1752759841     46.6701666667
          9.024      1.1451188571     46.7605416667
          9.043      1.1682512242     46.8509166667
          9.061      1.1539654408     46.9383750000
          9.080      1.2301395356     47.0296666667
          9.098      1.2604114289     47.1212083333
          9.117      1.2311616706     47.2086666667
          9.136      1.3015024020     47.2990416667
          9.154      1.3187907397     47.3885000000
          9.173      1.3301394745     47.4765833333
          9.192      1.3415573826     47.5632500000
          9.210      1.3252647904     47.6467083333
          9.229      1.3829786522     47.7315416667
          9.247      1.2904777446     47.8085833333
          9.266      1.2912254524     47.8835416667
          9.285      1.2448958299     47.9537500000
          9.303      1.2469235163     48.0220000000
