# r/g(r)/dn[At1,At2]:      g(r)[ N, H]            dn(r)
          0.009      0.0000000000      0.0000000000
          0.028      0.0000000000      0.0000000000
          0.047      0.0000000000      0.0000000000
          0.065      0.0000000000      0.0000000000
          0.084      0.0000000000      0.0000000000
          0.102      0.0000000000      0.0000000000
          0.121      0.0000000000      0.0000000000
          0.140      0.0000000000      0.0000000000
          0.158      0.0000000000      0.0000000000
          0.177      0.0000000000      0.0000000000
          0.196      0.0000000000      0.0000000000
          0.214      0.0000000000      0.0000000000
          0.233      0.0000000000      0.0000000000
          0.251      0.0000000000      0.0000000000
          0.270      0.0000000000      0.0000000000
          0.289      0.0000000000      0.0000000000
          0.307      0.0000000000      0.0000000000
          0.326      0.0000000000      0.0000000000
          0.345      0.0000000000      0.0000000000
          0.363      0.0000000000      0.0000000000
          0.382      0.0000000000      0.0000000000
          0.400      0.0000000000      0.0000000000
          0.419      0.0000000000      0.0000000000
          0.438      0.0000000000      0.0000000000
          0.456      0.0000000000      0.0000000000
          0.475      0.0000000000      0.0000000000
          0.494      0.0000000000      0.0000000000
          0.512      0.0000000000      0.0000000000
          0.531      0.0000000000      0.0000000000
          0.549      0.0000000000      0.0000000000
          0.568      0.0000000000      0.0000000000
          0.587      0.0000000000      0.0000000000
          0.605      0.0000000000      0.0000000000
          0.624      0.0000000000      0.0000000000
          0.643      0.0000000000      0.0000000000
          0.661      0.0000000000      0.0000000000
          0.680      0.0000000000      0.0000000000
          0.698      0.0000000000      0.0000000000
          0.717      0.0000000000      0.0000000000
          0.736      0.0000000000      0.0000000000
          0.754      0.0000000000      0.0000000000
          0.773      0.0000000000      0.0000000000
          0.792      0.0000000000      0.0000000000
          0.810      0.0000000000      0.0000000000
          0.829      0.0000000000      0.0000000000
          0.847      0.0000000000      0.0000000000
          0.866      0.0000000000      0.0000000000
          0.885      0.0000000000      0.0000000000
          0.903      0.0000000000      0.0000000000
          0.922      0.0000000000      0.0000000000
          0.941      0.0120963231      0.0000416667
          0.959      0.1512047991      0.0005833333
          0.978      1.4549964763      0.0060000000
          0.996      5.0116769768      0.0253750000
          1.015     13.2420530154      0.0785000000
          1.034     16.5047829833      0.1471666667
          1.052     15.2589350260      0.2129583333
          1.071      8.4534091304      0.2507083333
          1.090      2.9656774646      0.2644166667
          1.108      0.9410873329      0.2689166667
          1.127      0.3455521077      0.2706250000
          1.145      0.0326249998      0.2707916667
          1.164      0.0078973435      0.2708333333
          1.183      0.0000000000      0.2708333333
          1.201      0.0000000000      0.2708333333
          1.220      0.0000000000      0.2708333333
          1.239      0.0000000000      0.2708333333
          1.257      0.0000000000      0.2708333333
          1.276      0.0000000000      0.2708333333
          1.294      0.0000000000      0.2708333333
          1.313      0.0000000000      0.2708333333
          1.332      0.0000000000      0.2708333333
          1.350      0.0000000000      0.2708333333
          1.369      0.0000000000      0.2708333333
          1.388      0.0000000000      0.2708333333
          1.406      0.0000000000      0.2708333333
          1.425      0.0000000000      0.2708333333
          1.443      0.0000000000      0.2708333333
          1.462      0.0000000000      0.2708333333
          1.481      0.0000000000      0.2708333333
          1.499      0.0000000000      0.2708333333
          1.518      0.0000000000      0.2708333333
          1.537      0.0000000000      0.2708333333
          1.555      0.0000000000      0.2708333333
          1.574      0.0000000000      0.2708333333
          1.592      0.0000000000      0.2708333333
          1.611      0.0000000000      0.2708333333
          1.630      0.0080585980      0.2709166667
          1.648      0.0118162704      0.2710416667
          1.667      0.0154049300      0.2712083333
          1.686      0.0150663739      0.2713750000
          1.704      0.0110541428      0.2715000000
          1.723      0.0468711904      0.2720416667
          1.741      0.0423452022      0.2725416667
          1.760      0.0552716767      0.2732083333
          1.779      0.0642677678      0.2740000000
          1.797      0.0795065768      0.2750000000
          1.816      0.0746388817      0.2759583333
          1.835      0.0922087497      0.2771666667
          1.853      0.0654364611      0.2780416667
          1.872      0.0885752971      0.2792500000
          1.890      0.0688719794      0.2802083333
          1.909      0.0968976157      0.2815833333
          1.928      0.1497509520      0.2837500000
          1.946      0.1581985354      0.2860833333
          1.965      0.1413553765      0.2882083333
          1.984      0.1577523776      0.2906250000
          2.002      0.1922041509      0.2936250000
          2.021      0.2148827870      0.2970416667
          2.039      0.1903929178      0.3001250000
          2.058      0.2349663957      0.3040000000
          2.077      0.2307706797      0.3078750000
          2.095      0.2486237392      0.3121250000
          2.114      0.3975244836      0.3190416667
          2.133      0.4588504944      0.3271666667
          2.151      0.4763770881      0.3357500000
          2.170      0.5091477484      0.3450833333
          2.188      0.4781737654      0.3540000000
          2.207      0.5272569222      0.3640000000
          2.226      0.5400724083      0.3744166667
          2.244      0.4886541328      0.3840000000
          2.263      0.4618357976      0.3932083333
          2.282      0.5180554872      0.4037083333
          2.300      0.4652023227      0.4132916667
          2.319      0.4318858969      0.4223333333
          2.337      0.4426587121      0.4317500000
          2.356      0.4568939000      0.4416250000
          2.375      0.4345734731      0.4511666667
          2.393      0.4297043156      0.4607500000
          2.412      0.5389844701      0.4729583333
          2.431      0.6177056262      0.4871666667
          2.449      0.6779229313      0.5030000000
          2.468      0.7784312005      0.5214583333
          2.486      0.7997011857      0.5407083333
          2.505      0.9907860645      0.5649166667
          2.524      1.0064601575      0.5898750000
          2.542      1.1639609393      0.6191666667
          2.561      1.1748313102      0.6491666667
          2.580      1.3284002243      0.6835833333
          2.598      1.3775895127      0.7197916667
          2.617      1.4705692077      0.7590000000
          2.635      1.5561699078      0.8010833333
          2.654      1.7121536324      0.8480416667
          2.673      1.7647779029      0.8971250000
          2.691      1.7951021907      0.9477500000
          2.710      1.8171429093      0.9997083333
          2.729      1.7895454886      1.0515833333
          2.747      1.7554370773      1.1031666667
          2.766      1.7080927209      1.1540416667
          2.784      1.6756565504      1.2046250000
          2.803      1.5240731613      1.2512500000
          2.822      1.4636976101      1.2966250000
          2.840      1.4803802331      1.3431250000
          2.859      1.4166393193      1.3882083333
          2.878      1.3996527423      1.4333333333
          2.896      1.2987806840      1.4757500000
          2.915      1.2948315702      1.5185833333
          2.933      1.2871468584      1.5617083333
          2.952      1.2537648640      1.6042500000
          2.971      1.2744718433      1.6480416667
          2.989      1.2370839420      1.6910833333
          3.008      1.1745003054      1.7324583333
          3.027      1.2710748352      1.7777916667
          3.045      1.1655605304      1.8198750000
          3.064      1.1730933131      1.8627500000
          3.082      1.1938750443      1.9069166667
          3.101      1.1473058567      1.9498750000
          3.120      1.1116563916      1.9920000000
          3.138      1.0604716407      2.0326666667
          3.157      1.1102740784      2.0757500000
          3.176      1.1461041110      2.1207500000
          3.194      1.0729919925      2.1633750000
          3.213      1.1383432889      2.2091250000
          3.231      1.0299502033      2.2510000000
          3.250      1.0597171428      2.2945833333
          3.269      1.0707118643      2.3391250000
          3.287      1.1091180367      2.3857916667
          3.306      1.1779262234      2.4359166667
          3.325      1.1637969572      2.4860000000
          3.343      1.1432063397      2.5357500000
          3.362      1.1987496926      2.5885000000
          3.380      1.2089886156      2.6422916667
          3.399      1.1624311198      2.6945833333
          3.418      1.1140654078      2.7452500000
          3.436      1.1917420819      2.8000416667
          3.455      1.1520320844      2.8535833333
          3.474      1.1725275851      2.9086666667
          3.492      1.1784814899      2.9646250000
          3.511      1.1894526712      3.0217083333
          3.529      1.1889592777      3.0793750000
          3.548      1.1433564695      3.1354166667
          3.567      1.2752959611      3.1985833333
          3.585      1.2004750614      3.2586666667
          3.604      1.1955144606      3.3191250000
          3.623      1.1734671930      3.3790833333
          3.641      1.2656158772      3.4444166667
          3.660      1.2527670960      3.5097500000
          3.678      1.2788665220      3.5771250000
          3.697      1.3137730303      3.6470416667
          3.716      1.3796966805      3.7212083333
          3.734      1.3621314791      3.7951666667
          3.753      1.3045767349      3.8667083333
          3.772      1.2729160060      3.9372083333
          3.790      1.2410681277      4.0066250000
          3.809      1.2112561333      4.0750416667
          3.827      1.1381336671      4.1399583333
          3.846      1.0736018883      4.2017916667
          3.865      1.0496654644      4.2628333333
          3.883      0.9693666510      4.3197500000
          3.902      0.9341280821      4.3751250000
          3.921      0.9078684016      4.4294583333
          3.939      0.8551660658      4.4811250000
          3.958      0.8013637044      4.5300000000
          3.976      0.8209459688      4.5805416667
          3.995      0.8327536457      4.6322916667
          4.014      0.8509501671      4.6856666667
          4.032      0.8503471620      4.7395000000
          4.051      0.8171129808      4.7917083333
          4.070      0.8109431536      4.8440000000
          4.088      0.8893706062      4.9018750000
          4.107      0.8825910609      4.9598333333
          4.125      0.8947609620      5.0191250000
          4.144      0.8848668171      5.0782916667
          4.163      0.9276079876      5.1408750000
          4.181      0.9462946991      5.2052916667
          4.200      0.9700742710      5.2719166667
          4.219      0.9771620087      5.3396250000
          4.237      0.9626299107      5.4069166667
          4.256      0.9701756656      5.4753333333
          4.274      0.9336252240      5.5417500000
          4.293      0.9249612983      5.6081250000
          4.312      0.9411642397      5.6762500000
          4.330      0.9148234002      5.7430416667
          4.349      0.9420850906      5.8124166667
          4.368      0.8482341737      5.8754166667
          4.386      0.8399332973      5.9383333333
          4.405      0.8328452949      6.0012500000
          4.423      0.8045168225      6.0625416667
          4.442      0.8059196277      6.1244583333
          4.461      0.8572884587      6.1908750000
          4.479      0.8757752995      6.2592916667
          4.498      0.8748849403      6.3282083333
          4.517      0.8566677343      6.3962500000
          4.535      0.8022988297      6.4605000000
          4.554      0.8721249252      6.5309166667
          4.572      0.8901154003      6.6033750000
          4.591      0.9108320884      6.6781250000
          4.610      0.9024794768      6.7527916667
          4.628      0.9037233866      6.8281666667
          4.647      0.9495200723      6.9080000000
          4.666      0.9316300826      6.9869583333
          4.684      0.9183835488      7.0654166667
          4.703      0.9837038532      7.1501250000
          4.721      0.9591561589      7.2333750000
          4.740      0.9316290984      7.3148750000
          4.759      0.9593211094      7.3994583333
          4.777      0.8918371313      7.4787083333
          4.796      0.8881805169      7.5582500000
          4.815      0.9020970225      7.6396666667
          4.833      0.9084432009      7.7222916667
          4.852      0.9069372461      7.8054166667
          4.870      0.9036231739      7.8888750000
          4.889      0.9048102239      7.9730833333
          4.908      0.9139508852      8.0587916667
          4.926      0.9348336082      8.1471250000
          4.945      0.8857910143      8.2314583333
          4.964      0.8930556049      8.3171250000
          4.982      0.8915645304      8.4032916667
          5.001      0.8528419276      8.4863333333
          5.019      0.8579928299      8.5705000000
          5.038      0.8571417938      8.6552083333
          5.057      0.9060831796      8.7454166667
          5.075      0.8828273115      8.8339583333
          5.094      0.8842192434      8.9232916667
          5.113      0.8876145781      9.0136250000
          5.131      0.9067889381      9.1065833333
          5.150      0.8816800684      9.1976250000
          5.168      0.8893584915      9.2901250000
          5.187      0.8869605909      9.3830416667
          5.206      0.8774659917      9.4756250000
          5.224      0.8982748170      9.5710833333
          5.243      0.9133160278      9.6688333333
          5.262      0.9373994872      9.7698750000
          5.280      0.9929792618      9.8776666667
          5.299      0.9761013565      9.9843750000
          5.317      0.9768450088     10.0919166667
          5.336      0.9843195964     10.2010416667
          5.355      0.9905470504     10.3116250000
          5.373      0.9607120851     10.4196250000
          5.392      0.9857421589     10.5312083333
          5.411      1.0067498187     10.6459583333
          5.429      0.9984020778     10.7605416667
          5.448      0.9887024562     10.8747916667
          5.466      0.9805441183     10.9888750000
          5.485      0.9895470230     11.1047916667
          5.504      0.9994656875     11.2226666667
          5.522      0.9699259036     11.3378333333
          5.541      0.9564451835     11.4521666667
          5.560      1.0005967596     11.5725833333
          5.578      0.9970214110     11.6933750000
          5.597      1.0098698414     11.8165416667
          5.615      1.0028426148     11.9396666667
          5.634      1.0569068634     12.0702916667
          5.653      1.0603358697     12.2022083333
          5.671      1.0424032028     12.3327500000
          5.690      1.0580670347     12.4661250000
          5.709      1.0718626395     12.6021250000
          5.727      1.1011170328     12.7427500000
          5.746      1.0696791959     12.8802500000
          5.764      1.0395901788     13.0147500000
          5.783      1.0780223205     13.1551250000
          5.802      1.0870085304     13.2975833333
          5.820      1.0838536152     13.4405416667
          5.839      1.1130472453     13.5882916667
          5.858      1.0959996568     13.7347083333
          5.876      1.1454686253     13.8887083333
          5.895      1.1502523855     14.0443333333
          5.913      1.1525050150     14.2012500000
          5.932      1.1735615577     14.3620416667
          5.951      1.1360058626     14.5186666667
          5.969      1.1889933022     14.6836250000
          5.988      1.2045897943     14.8517916667
          6.007      1.1419609942     15.0122083333
          6.025      1.1458188200     15.1741666667
          6.044      1.1308575065     15.3350000000
          6.063      1.1338195635     15.4972500000
          6.081      1.0846339596     15.6534166667
          6.100      1.0719802230     15.8087083333
          6.118      1.0580308436     15.9629166667
          6.137      1.0621318992     16.1186666667
          6.156      1.0370739847     16.2716666667
          6.174      1.0428977962     16.4264583333
          6.193      1.0098463101     16.5772500000
          6.212      1.0123977913     16.7293333333
          6.230      1.0518463423     16.8882916667
          6.249      1.0406520715     17.0465000000
          6.267      1.0312067652     17.2042083333
          6.286      1.0662716668     17.3682500000
          6.305      1.0645580039     17.5330000000
          6.323      1.0534781805     17.6970000000
          6.342      1.0733754937     17.8650833333
          6.361      1.1107452757     18.0400416667
          6.379      1.1174178313     18.2170833333
          6.398      1.1166732388     18.3950416667
          6.416      1.0836860033     18.5687500000
          6.435      1.0797478687     18.7428333333
          6.454      1.0663300394     18.9157500000
          6.472      1.0476836784     19.0866250000
          6.491      1.0620002798     19.2608333333
          6.510      1.0392631048     19.4322916667
          6.528      1.0308302361     19.6033333333
          6.547      0.9890180488     19.7683750000
          6.565      1.0099799139     19.9378750000
          6.584      0.9972187612     20.1060416667
          6.603      0.9435789994     20.2649166667
          6.621      0.9207442686     20.4195000000
          6.640      0.9025353330     20.5705833333
          6.659      0.8710166788     20.7159583333
          6.677      0.8686340071     20.8605000000
          6.696      0.8476789921     21.0011250000
          6.714      0.8608866620     21.1435000000
          6.733      0.8436243174     21.2825833333
          6.752      0.8488452520     21.4220833333
          6.770      0.8386119806     21.5594583333
          6.789      0.8727425566     21.7019583333
          6.808      0.9035427380     21.8490000000
          6.826      0.9415150153     22.0017083333
          6.845      0.9398219421     22.1536250000
          6.863      0.9709981999     22.3100416667
          6.882      0.9723149239     22.4661250000
          6.901      0.9874792001     22.6240833333
          6.919      0.9659258154     22.7780416667
          6.938      1.0163995588     22.9394583333
          6.957      1.0051319938     23.0985000000
          6.975      1.0215680267     23.2595416667
          6.994      0.9912027524     23.4152083333
          7.012      1.0003229910     23.5717083333
          7.031      0.9975171433     23.7271666667
          7.050      1.0153915720     23.8847916667
          7.068      1.0062259004     24.0403750000
          7.087      1.0760261868     24.2060833333
          7.106      1.0453716797     24.3664166667
          7.124      1.0406896077     24.5253750000
          7.143      1.0387447797     24.6833750000
          7.161      1.0808352553     24.8470833333
          7.180      1.0644782452     25.0076250000
          7.199      1.0721581078     25.1686250000
          7.217      1.0802227544     25.3301250000
          7.236      1.0433282420     25.4854166667
          7.255      1.0635051099     25.6430000000
          7.273      1.0824922685     25.8026666667
          7.292      1.0508949899     25.9569583333
          7.310      1.0196116603     26.1059583333
          7.329      1.0273180603     26.2553750000
          7.348      1.0380152087     26.4056250000
          7.366      1.0436483963     26.5559583333
          7.385      1.0473414632     26.7060833333
          7.404      1.0592907986     26.8571666667
          7.422      0.9630569567     26.9938333333
          7.441      0.9783181611     27.1319583333
          7.459      0.9480907344     27.2651250000
          7.478      0.9315993549     27.3952916667
          7.497      0.9566406741     27.5282500000
          7.515      0.9105544194     27.6541250000
          7.534      0.9134004884     27.7797083333
          7.553      0.8891932840     27.9012916667
          7.571      0.9107162775     28.0251250000
          7.590      0.8964630101     28.1463333333
          7.608      0.8830125246     28.2650416667
          7.627      0.8825349407     28.3830000000
          7.646      0.9009021587     28.5027083333
          7.664      0.8690532546     28.6175000000
          7.683      0.8993748539     28.7355833333
          7.702      0.8882760691     28.8515000000
          7.720      0.9483998802     28.9745000000
          7.739      0.9404550838     29.0957083333
          7.757      0.9662854487     29.2194583333
          7.776      0.9774262560     29.3438333333
          7.795      0.9900722232     29.4690000000
          7.813      1.0035911379     29.5950416667
          7.832      1.0076485061     29.7207500000
          7.851      1.0077696514     29.8456250000
          7.869      1.0363769703     29.9731666667
          7.888      1.0251974793     30.0984583333
          7.906      1.0214596743     30.2224166667
          7.925      1.0339672589     30.3470000000
          7.944      1.0550623723     30.4732083333
          7.962      1.0866908329     30.6022500000
          7.981      1.1008110830     30.7320000000
          8.000      1.0767279067     30.8579583333
          8.018      1.0731433067     30.9825416667
          8.037      1.1216385646     31.1117500000
          8.055      1.1465242609     31.2427916667
          8.074      1.1880300833     31.3775000000
          8.093      1.1884033306     31.5111666667
          8.111      1.1582135155     31.6403750000
          8.130      1.1358635095     31.7660416667
          8.149      1.1306630624     31.8900833333
          8.167      1.0890390636     32.0085416667
          8.186      1.0853862835     32.1255833333
          8.204      1.0844526629     32.2415000000
          8.223      1.0733316972     32.3552083333
          8.242      1.0477762776     32.4652083333
          8.260      1.0598568481     32.5754583333
          8.279      1.0313839758     32.6817500000
          8.298      1.0260981397     32.7865000000
          8.316      1.0529088614     32.8929583333
          8.335      1.0661522644     32.9997083333
          8.353      1.1225862084     33.1110000000
          8.372      1.0027633096     33.2094166667
          8.391      1.0070661268     33.3072500000
          8.409      1.0180158974     33.4051250000
          8.428      0.9762595224     33.4980000000
          8.447      0.9943114946     33.5915833333
          8.465      0.9792491677     33.6827500000
          8.484      0.9240861318     33.7678333333
          8.502      0.9263128823     33.8521666667
          8.521      0.9175359566     33.9347500000
          8.540      0.8711412791     34.0122500000
          8.558      0.8526077311     34.0872083333
          8.577      0.8288824172     34.1592083333
          8.596      0.8371603627     34.2310416667
          8.614      0.8343901423     34.3017500000
          8.633      0.8530157409     34.3731250000
          8.651      0.8822692114     34.4460000000
          8.670      0.8658418890     34.5165833333
          8.689      0.9402017104     34.5922083333
          8.707      0.8712015062     34.6613333333
          8.726      0.9201440233     34.7333333333
          8.745      0.9154554394     34.8039583333
          8.763      0.9238466042     34.8742083333
          8.782      0.9675861367     34.9467083333
          8.800      1.0313462274     35.0228333333
          8.819      0.9303402926     35.0904583333
          8.838      0.9694632517     35.1598333333
          8.856      0.9974928006     35.2300833333
          8.875      1.0181004957     35.3006250000
          8.894      1.0052378008     35.3691250000
          8.912      0.9478569752     35.4326250000
          8.931      1.0049924084     35.4987916667
          8.949      0.9611818438     35.5609583333
          8.968      1.0359055019     35.6267500000
          8.987      1.0607187967     35.6928750000
          9.005      1.0361666890     35.7562500000
          9.024      1.0635370230     35.8200416667
          9.043      1.1261260315     35.8862500000
          9.061      1.0489016632     35.9466666667
          9.080      1.0859647826     36.0079166667
          9.098      1.0651130286     36.0667083333
          9.117      1.1013187382     36.1261666667
          9.136      1.0350814400     36.1807916667
          9.154      1.0765506737     36.2362916667
          9.173      1.1002809351     36.2916666667
          9.192      1.0947678540     36.3454166667
          9.210      1.1030234185     36.3982083333
          9.229      1.1172082226     36.4502916667
          9.247      1.0468991979     36.4977916667
          9.266      1.1115622403     36.5468333333
          9.285      1.1150207066     36.5946250000
          9.303      1.0847777844     36.6397500000
