# D(r) from X-rays diffraction
  0.009313            -0.6313826128
  0.027938            -1.8941478384
  0.046563            -3.1569130640
  0.065188            -4.4196782896
  0.083813            -5.6824435152
  0.102439            -6.9452087407
  0.121064            -8.2079739663
  0.139689            -9.4707391919
  0.158314           -10.7335044175
  0.176939           -11.9962696431
  0.195565           -13.2590348687
  0.214190           -14.5218000943
  0.232815           -15.7845653199
  0.251440           -17.0473305455
  0.270065           -18.3100957711
  0.288690           -19.5728609966
  0.307316           -20.8356262222
  0.325941           -22.0983914478
  0.344566           -23.3611566734
  0.363191           -24.6239218990
  0.381816           -25.8866871246
  0.400442           -27.1494523502
  0.419067           -28.4122175758
  0.437692           -29.6749828014
  0.456317           -30.9377480270
  0.474942           -32.2005132526
  0.493568           -33.4632784781
  0.512193           -34.7260437037
  0.530818           -35.9888089293
  0.549443           -37.2515741549
  0.568068           -38.5143393805
  0.586694           -39.7771046061
  0.605319           -41.0398698317
  0.623944           -42.3026350573
  0.642569           -43.5654002829
  0.661194           -44.8281655085
  0.679820           -46.0909307340
  0.698445           -47.3536959596
  0.717070           -48.6164611852
  0.735695           -49.8792264108
  0.754320           -51.1419916364
  0.772945           -52.4047568620
  0.791571           -53.6675220876
  0.810196           -54.9302873132
  0.828821           -56.1930525388
  0.847446           -57.4558177644
  0.866071           -58.7185829899
  0.884697           -59.9813482155
  0.903322           -61.2441134411
  0.921947           -62.5068786667
  0.940572           -63.7616525279
  0.959197           -64.9305384900
  0.977823           -65.2958708091
  0.996448           -64.0503155794
  1.015073           -59.3731402503
  1.033698           -57.8881885203
  1.052323           -59.0759752508
  1.070949           -62.0510882908
  1.089574           -62.9099130222
  1.108199           -62.0071990583
  1.126824           -64.7629147562
  1.145449           -70.5242631660
  1.164075           -75.7616170355
  1.182700           -79.4229422187
  1.201325           -81.2445614061
  1.219950           -82.6899976043
  1.238575           -83.9738875017
  1.257200           -85.2366527273
  1.275826           -86.4994179529
  1.294451           -87.7621831785
  1.313076           -88.9047860348
  1.331701           -86.6147768416
  1.350326           -72.4158591527
  1.368952           -49.3883114454
  1.387577           -32.5561027412
  1.406202           -39.7020994137
  1.424827           -50.7444879407
  1.443452           -54.7726226377
  1.462078           -57.4379097071
  1.480703           -57.3917069977
  1.499328           -53.3940816363
  1.517953           -53.6768344135
  1.536578           -58.3607428448
  1.555204           -65.1646553751
  1.573829           -73.9394314689
  1.592454           -82.0499312020
  1.611079           -89.5061519361
  1.629704           -92.5173990437
  1.648330           -84.1073757070
  1.666955           -56.4301986314
  1.685580             2.1874593026
  1.704205           107.5712789914
  1.722830           222.8311999186
  1.741455           321.8165178820
  1.760081           377.1337197248
  1.778706           406.0866189559
  1.797331           352.2590536815
  1.815956           279.6870375028
  1.834581           227.2588705307
  1.853207           163.8500366984
  1.871832           135.0241094041
  1.890457           118.1148297886
  1.909082           111.4114197031
  1.927707            89.3421963245
  1.946333            48.7406765452
  1.964958            17.9946490573
  1.983583           -16.4232012213
  2.002208           -51.4507075817
  2.020833           -78.3570181553
  2.039459           -95.6901892244
  2.058084          -109.3282567082
  2.076709          -119.2749109189
  2.095334          -124.3450443421
  2.113959          -129.3864415768
  2.132585          -130.8744950702
  2.151210          -134.1731515865
  2.169835          -133.3523858542
  2.188460          -132.7916674111
  2.207085          -128.9277858115
  2.225710          -120.5463321438
  2.244336          -104.9434201348
  2.262961           -87.9741106488
  2.281586           -77.2421376119
  2.300211           -67.9922094182
  2.318836           -59.3173662814
  2.337462           -57.4445507471
  2.356087           -43.2660922516
  2.374712           -50.2830736558
  2.393337           -60.3485988175
  2.411962           -68.9653884278
  2.430588           -75.5177701556
  2.449213           -84.1698387375
  2.467838           -83.1748343639
  2.486463           -75.6437081151
  2.505088           -80.0041857051
  2.523714           -68.4023971589
  2.542339           -78.6834719034
  2.560964           -82.4042138060
  2.579589           -77.8340472695
  2.598214           -80.7241053036
  2.616840           -84.5934856898
  2.635465           -83.9069132506
  2.654090           -77.0744309379
  2.672715           -59.7782692224
  2.691340           -45.0924891916
  2.709965           -31.8594506836
  2.728591           -22.2381122453
  2.747216            -8.6674931110
  2.765841             5.4068921885
  2.784466            13.7206638479
  2.803091            13.6848978975
  2.821717            36.4994419575
  2.840342            37.4305485971
  2.858967            51.4249160970
  2.877592            64.7076974389
  2.896217            81.8095860595
  2.914843            89.9206420617
  2.933468            96.0807638742
  2.952093           111.9521244746
  2.970718           133.2163696112
  2.989343           137.4172067632
  3.007969           135.6530879530
  3.026594           145.7519014124
  3.045219           150.6763327203
  3.063844           139.7930775732
  3.082469           145.4697621574
  3.101095           133.8202633951
  3.119720           114.9793302934
  3.138345           119.5770273411
  3.156970           101.7332345996
  3.175595            69.2620061290
  3.194220            62.2933075349
  3.212846            48.9085009475
  3.231471            41.9723831398
  3.250096            44.8021661654
  3.268721            39.7242351780
  3.287346            39.2999278223
  3.305972            34.2964012741
  3.324597            24.7480381118
  3.343222             5.0454702050
  3.361847             1.3682908763
  3.380472            -0.7320270277
  3.399098           -18.2157308071
  3.417723           -26.5809271865
  3.436348           -26.2973379080
  3.454973           -27.1732061989
  3.473598           -26.7433773998
  3.492224           -35.3817567246
  3.510849           -35.2143542738
  3.529474           -32.6393397937
  3.548099           -33.7844471743
  3.566724           -25.5817905466
  3.585350           -30.4439898908
  3.603975           -26.5035097892
  3.622600           -25.1700347362
  3.641225           -27.9175643024
  3.659850           -27.8362770565
  3.678475           -25.5102775113
  3.697101           -26.6240876294
  3.715726           -29.7950172467
  3.734351           -26.3427881420
  3.752976           -32.4510502933
  3.771601           -31.1886367184
  3.790227           -27.3536005404
  3.808852           -23.6206592711
  3.827477           -28.9086232922
  3.846102           -27.7371152192
  3.864727           -31.5843895369
  3.883353           -35.2472443202
  3.901978           -35.4611356705
  3.920603           -33.8369166438
  3.939228           -33.7105495227
  3.957853           -25.0343345547
  3.976479           -20.6461198146
  3.995104           -22.6187445134
  4.013729           -19.8630154336
  4.032354           -15.3002567422
  4.050979            -4.8132566292
  4.069605            -0.2016528142
  4.088230            -2.4232250049
  4.106855            -5.6811336129
  4.125480             0.9051081690
  4.144105             3.4990000196
  4.162730             4.9146255237
  4.181356             6.3342861090
  4.199981             4.1854819352
  4.218606             5.2928244716
  4.237231             4.8426356205
  4.255856            -0.9177739724
  4.274482            -8.4210574320
  4.293107           -10.2644023367
  4.311732           -10.0538282091
  4.330357            -3.7374671605
  4.348982            -1.5177704755
  4.367608            -6.3942200196
  4.386233            -6.0068363043
  4.404858             6.7484361964
  4.423483             5.4834268990
  4.442108            21.5662333372
  4.460734            27.2717829991
  4.479359            23.7497592705
  4.497984            31.7839842218
  4.516609            40.7853829264
  4.535234            32.1226727189
  4.553860            33.1296351037
  4.572485            27.8913528094
  4.591110            19.6821654520
  4.609735             4.1912098142
  4.628360            11.7987081149
  4.646985            23.5472716994
  4.665611             9.7619839842
  4.684236             2.9544409659
  4.702861             0.0905204795
  4.721486             4.4470220836
  4.740111             5.1213986964
  4.758737             5.6406669157
  4.777362            13.5081684076
  4.795987            14.1233231310
  4.814612            20.7878634878
  4.833237            16.2929642044
  4.851863            11.2226682518
  4.870488            17.7146078735
  4.889113             8.8069139569
  4.907738             9.9985256359
  4.926363            21.0108850394
  4.944989            13.4379586153
  4.963614            26.0304653329
  4.982239            13.2262192107
  5.000864            17.7157678174
  5.019489            20.9883882287
  5.038115             7.6430426387
  5.056740            -2.8854585160
  5.075365             2.1027296323
  5.093990            -9.8266478119
  5.112615           -19.5937891039
  5.131240           -17.9990039845
  5.149866           -24.8607970083
  5.168491           -18.3065250196
  5.187116           -11.8364639743
  5.205741            -1.4292516574
  5.224366             6.0151411983
  5.242992             5.5387998969
  5.261617             5.2876593744
  5.280242            13.1188203608
  5.298867             8.0079075275
  5.317492             3.5157772900
  5.336118            14.8699119177
  5.354743            11.8937827845
  5.373368             6.5243916530
  5.391993            12.4450694774
  5.410618             7.3690138840
  5.429244             9.4213819034
  5.447869             8.9961752579
  5.466494             5.0195526722
  5.485119             5.9894419455
  5.503744             9.7263941931
  5.522370             6.5074444427
  5.540995             8.1874654223
  5.559620             7.1998254100
  5.578245             3.9909950802
  5.596870            11.6645341913
  5.615495            16.2948125409
  5.634121             7.2340104616
  5.652746             6.4458446071
  5.671371             6.5507999612
  5.689996             2.1649109605
  5.708621            -4.6987109778
  5.727247             0.5274872844
  5.745872            -0.8193912720
  5.764497             0.1211316146
  5.783122             2.6999288948
  5.801747             7.1134854752
  5.820373            10.0201943090
  5.838998            18.7576207583
  5.857623            21.4004675774
  5.876248            25.2414755931
  5.894873            26.2860705677
  5.913499            17.7250011404
  5.932124            11.3404053427
  5.950749             6.0672236507
  5.969374            -1.0899475408
  5.987999             4.5859499473
  6.006625             2.6762428099
  6.025250            10.2458723993
  6.043875            16.0536961591
  6.062500            10.8598225010
  6.081125             8.6147266788
  6.099750             8.1712299310
  6.118376             0.3032366085
  6.137001            -1.2919465249
  6.155626           -11.8052422782
  6.174251           -20.6400486588
  6.192876           -25.3513660184
  6.211502           -27.3050215454
  6.230127           -28.6652520260
  6.248752           -22.3013334181
  6.267377           -28.3514217166
  6.286002           -21.3544850601
  6.304628           -21.9343185256
  6.323253           -26.3626396604
  6.341878           -17.6692329570
  6.360503            -8.7775047165
  6.379128           -10.9152800622
  6.397754           -14.9561850834
  6.416379            -5.4682491348
  6.435004            -0.1241468442
  6.453629             3.6416764043
  6.472254            -5.6819918520
  6.490880            -6.2078458719
  6.509505             2.7490905173
  6.528130             6.1485903667
  6.546755            11.2671651088
  6.565380            -2.2626539356
  6.584005             1.1615531676
  6.602631             4.4378342047
  6.621256             6.7370364121
  6.639881            11.8215806428
  6.658506            24.0527106631
  6.677131            13.7106852607
  6.695757            26.8739351658
  6.714382            19.9602931944
  6.733007            18.4163969957
  6.751632             2.6296745677
  6.770257            -1.1599601568
  6.788883            -7.5040709364
  6.807508             1.6955421255
  6.826133            -8.3719538205
  6.844758             5.5544027338
  6.863383            11.6175084085
  6.882009             9.5107573876
  6.900634            12.8903719145
  6.919259             9.9770033258
  6.937884            21.1669305348
  6.956509            19.1923591054
  6.975135            13.7398010874
  6.993760            -1.6764873606
  7.012385           -12.3943877794
  7.031010           -15.4958578520
  7.049635           -16.4636987561
  7.068260           -14.6955745904
  7.086886           -20.6823597888
  7.105511           -28.6683729943
  7.124136           -20.3194443354
  7.142761           -34.0181661159
  7.161386           -29.7312778316
  7.180012           -26.2160375998
  7.198637           -21.3101903665
  7.217262           -25.0728395233
  7.235887           -18.6457772089
  7.254512           -17.2210650549
  7.273138            -8.2277381057
  7.291763             1.6095256123
  7.310388            -6.6610631418
  7.329013            -9.8524685753
  7.347638            -8.1956582059
  7.366264            -2.5510035893
  7.384889            12.8115311691
  7.403514            14.2608327373
  7.422139            -7.4348776584
  7.440764           -14.4826694635
  7.459390            -4.0211616541
  7.478015             7.6904951333
  7.496640            -0.5581619371
  7.515265            12.1215043461
  7.533890            12.1581451431
  7.552515             0.9501557307
  7.571141            -0.0839034316
  7.589766            -4.4452222065
  7.608391            -5.4988843840
  7.627016            -6.4612173274
  7.645641            -2.2035541625
  7.664267            -2.9385430122
  7.682892             5.6329658554
  7.701517            -0.4795285655
  7.720142            -2.3252635542
  7.738767             3.1485714424
  7.757393            16.5878759141
  7.776018            11.3325577012
  7.794643             0.8665343228
  7.813268            -7.8273545786
  7.831893            -2.5914159377
  7.850519            -6.4217774458
  7.869144            10.0130270472
  7.887769            -3.0513431829
  7.906394             1.7794055093
  7.925019             0.2915346489
  7.943645            -3.9730946587
  7.962270           -14.1702576497
  7.980895             3.0568711908
  7.999520           -13.6038093864
  8.018145           -10.9032779526
  8.036770           -21.9293314092
  8.055396            -9.9874202507
  8.074021           -15.0106369835
  8.092646             1.0400402824
  8.111271           -28.7953903494
  8.129896           -23.7243940602
  8.148522           -14.8281487461
  8.167147            -7.9373828312
  8.185772            -9.3975266260
  8.204397            -1.5391609596
  8.223022            12.2190943030
  8.241648            23.5085595057
  8.260273            23.5114745127
  8.278898            40.6233734458
  8.297523            53.8272561424
  8.316148            30.4238810481
  8.334774            36.1265182768
  8.353399            25.4030554364
  8.372024            25.1936919129
  8.390649            23.1621343959
  8.409274            31.7092899309
  8.427900            28.6910126563
  8.446525            20.2326663783
  8.465150            17.7055850109
  8.483775            35.6306487986
  8.502400            39.9464532009
  8.521025            42.0218623597
  8.539651            39.5630776341
  8.558276            39.8102523755
  8.576901            44.3412873462
  8.595526            40.9734731575
  8.614151            42.9740143329
  8.632777            31.8651563588
  8.651402            28.6056966448
  8.670027            21.0258457128
  8.688652             6.6470384506
  8.707277            -3.9737167475
  8.725903           -11.4221790710
  8.744528           -24.3415647878
  8.763153           -36.6714247300
  8.781778           -46.9796747153
  8.800403           -45.5035998261
  8.819029           -35.8141792518
  8.837654           -39.1386974717
  8.856279           -41.7735682055
  8.874904           -32.7569458180
  8.893529           -33.4161563742
  8.912155           -36.1704180448
  8.930780           -22.5286562834
  8.949405           -39.0658438668
  8.968030           -15.6568796876
  8.986655           -31.2969117478
  9.005280           -45.3038180270
  9.023906            -4.8375399059
  9.042531             5.9193545006
  9.061156            19.7791411941
  9.079781            62.7427428713
  9.098406            60.0175117634
  9.117032            37.1271306628
  9.135657            29.8323266228
  9.154282             6.7194756864
  9.172907             7.0218706671
  9.191532            15.9250065027
  9.210158             3.6979434371
  9.228783             6.2941273339
  9.247408            12.6987979597
  9.266033           -28.9078334227
  9.284658             0.1178604836
  9.303284             3.7196049669
