# G(r) from neutrons diffraction
  0.009313            -0.0102459753
  0.027938            -0.0307379259
  0.046563            -0.0512298765
  0.065188            -0.0717218271
  0.083813            -0.0922137777
  0.102439            -0.1127057283
  0.121064            -0.1331976789
  0.139689            -0.1536896295
  0.158314            -0.1741815801
  0.176939            -0.1946735307
  0.195565            -0.2151654813
  0.214190            -0.2356574319
  0.232815            -0.2561493824
  0.251440            -0.2766413330
  0.270065            -0.2971332836
  0.288690            -0.3176252342
  0.307316            -0.3381171848
  0.325941            -0.3586091354
  0.344566            -0.3791010860
  0.363191            -0.3995930366
  0.381816            -0.4200849872
  0.400442            -0.4405769378
  0.419067            -0.4610688884
  0.437692            -0.4815608390
  0.456317            -0.5020527896
  0.474942            -0.5225447402
  0.493568            -0.5430366908
  0.512193            -0.5635286414
  0.530818            -0.5840205920
  0.549443            -0.6045125426
  0.568068            -0.6250044932
  0.586694            -0.6454964438
  0.605319            -0.6659883944
  0.623944            -0.6864803450
  0.642569            -0.7069722956
  0.661194            -0.7274642462
  0.679820            -0.7479561967
  0.698445            -0.7684481473
  0.717070            -0.7889400979
  0.735695            -0.8094320485
  0.754320            -0.8299239991
  0.772945            -0.8504159497
  0.791571            -0.8709079003
  0.810196            -0.8913998509
  0.828821            -0.9118918015
  0.847446            -0.9323837521
  0.866071            -0.9528757027
  0.884697            -0.9733676533
  0.903322            -0.9938596039
  0.921947            -1.0143515545
  0.940572            -1.0367935238
  0.959197            -1.0801934925
  0.977823            -1.3196731990
  0.996448            -1.9522348249
  1.015073            -3.4218999771
  1.033698            -4.1042696664
  1.052323            -4.1103969552
  1.070949            -3.5787373308
  1.089574            -3.5096379805
  1.108199            -3.9034869359
  1.126824            -3.6029730058
  1.145449            -2.7037740216
  1.164075            -1.9200196128
  1.182700            -1.4553997431
  1.201325            -1.3629257681
  1.219950            -1.3464928744
  1.238575            -1.3627147146
  1.257200            -1.3832066652
  1.275826            -1.4036986158
  1.294451            -1.4241905664
  1.313076            -1.4374868473
  1.331701            -1.2452284054
  1.350326            -0.3393217727
  1.368952             1.0954262272
  1.387577             2.1906679598
  1.406202             1.8245390637
  1.424827             1.2061356594
  1.443452             0.8802098130
  1.462078             0.4213855309
  1.480703             0.2620933880
  1.499328             0.3767781919
  1.517953             0.5957530870
  1.536578             0.5529174855
  1.555204             0.4783445282
  1.573829             0.1402762430
  1.592454            -0.2336354739
  1.611079            -0.6424494185
  1.629704            -0.9457328574
  1.648330            -0.9304952724
  1.666955            -0.5134414618
  1.685580             0.6120573084
  1.704205             2.6594556087
  1.722830             4.8479019635
  1.741455             6.7349303716
  1.760081             7.7674097604
  1.778706             8.2412616095
  1.797331             7.1008367258
  1.815956             5.6567029655
  1.834581             4.5078737771
  1.853207             3.2325595902
  1.871832             2.5655538543
  1.890457             2.1695674331
  1.909082             1.9553967179
  1.927707             1.5099909186
  1.946333             0.8128190103
  1.964958             0.2709973223
  1.983583            -0.3045491725
  2.002208            -0.9549151643
  2.020833            -1.4217189787
  2.039459            -1.7590689994
  2.058084            -2.0346861002
  2.076709            -2.2269312953
  2.095334            -2.3141347708
  2.113959            -2.4828975445
  2.132585            -2.5627897353
  2.151210            -2.7283008654
  2.169835            -2.8456536698
  2.188460            -2.9237002811
  2.207085            -3.0541255182
  2.225710            -3.1190256931
  2.244336            -3.0318831754
  2.262961            -2.9802457035
  2.281586            -2.9751459758
  2.300211            -2.9150230695
  2.318836            -2.8589081441
  2.337462            -2.7366837544
  2.356087            -2.5454128820
  2.374712            -2.2722992717
  2.393337            -2.0358313442
  2.411962            -2.0101752631
  2.430588            -1.9531689937
  2.449213            -1.8149992683
  2.467838            -1.8307279376
  2.486463            -1.6675459592
  2.505088            -1.8526307106
  2.523714            -1.6048677289
  2.542339            -1.7770863645
  2.560964            -1.7002596523
  2.579589            -1.5959056559
  2.598214            -1.4713101207
  2.616840            -1.3851648559
  2.635465            -1.1895077134
  2.654090            -0.9061968770
  2.672715            -0.4380763215
  2.691340             0.0195938638
  2.709965             0.4333537034
  2.728591             0.8100262294
  2.747216             1.2009942914
  2.765841             1.5127558291
  2.784466             1.6520566712
  2.803091             2.1467718524
  2.821717             2.3199617048
  2.840342             2.3056985618
  2.858967             2.8292101437
  2.877592             3.0260595665
  2.896217             3.2108056457
  2.914843             3.3685668338
  2.933468             3.5162529369
  2.952093             3.3653402035
  2.970718             3.7255848740
  2.989343             3.6415506643
  3.007969             3.4206116841
  3.026594             3.3526574251
  3.045219             3.1677099777
  3.063844             2.7478965239
  3.082469             2.3418213042
  3.101095             2.1585879165
  3.119720             1.8861070353
  3.138345             1.6484771276
  3.156970             1.3069343429
  3.175595             0.7714001427
  3.194220             0.6893187918
  3.212846             0.2410509080
  3.231471             0.1921883761
  3.250096             0.0946394705
  3.268721            -0.0713808358
  3.287346            -0.1074540078
  3.305972            -0.1603244172
  3.324597            -0.3608278663
  3.343222            -0.5133532691
  3.361847            -0.5995345840
  3.380472            -0.5968542559
  3.399098            -0.6115175090
  3.417723            -0.6288546748
  3.436348            -0.7691715358
  3.454973            -0.5534257848
  3.473598            -0.4860668986
  3.492224            -0.6926787741
  3.510849            -0.6936633340
  3.529474            -0.8618871160
  3.548099            -0.7943813669
  3.566724            -0.7694517312
  3.585350            -0.8564918537
  3.603975            -0.7803884197
  3.622600            -0.9223375980
  3.641225            -0.9907450175
  3.659850            -0.9171163660
  3.678475            -1.0179653646
  3.697101            -1.0872394365
  3.715726            -1.3271143042
  3.734351            -1.1958745070
  3.752976            -1.3310902167
  3.771601            -1.1515556408
  3.790227            -0.8800390897
  3.808852            -0.7930359358
  3.827477            -0.9901498286
  3.846102            -0.8549926347
  3.864727            -0.7477460650
  3.883353            -0.8052879010
  3.901978            -0.7345081418
  3.920603            -0.7504990691
  3.939228            -0.7401142278
  3.957853            -0.4834156649
  3.976479            -0.4859143664
  3.995104            -0.5464184757
  4.013729            -0.5491487398
  4.032354            -0.4690840447
  4.050979            -0.3506008777
  4.069605            -0.2638540373
  4.088230            -0.3658859622
  4.106855            -0.4880979427
  4.125480            -0.3975033094
  4.144105            -0.3070024152
  4.162730            -0.3399552514
  4.181356            -0.3150401033
  4.199981            -0.2701009770
  4.218606            -0.1102442570
  4.237231            -0.0879423821
  4.255856            -0.1273797325
  4.274482            -0.0973392534
  4.293107            -0.0632342118
  4.311732             0.1275050653
  4.330357             0.4379298193
  4.348982             0.5226307341
  4.367608             0.6210838463
  4.386233             0.4927094125
  4.404858             0.6088154390
  4.423483             0.5883290162
  4.442108             0.8618773853
  4.460734             0.7573246830
  4.479359             0.4560911768
  4.497984             0.7139069672
  4.516609             0.7698799519
  4.535234             0.7643959158
  4.553860             0.5894648441
  4.572485             0.4142269307
  4.591110             0.2001535343
  4.609735            -0.0139363253
  4.628360             0.1353119856
  4.646985             0.1230518289
  4.665611            -0.1459456651
  4.684236            -0.4029382871
  4.702861            -0.3384774601
  4.721486            -0.2969826828
  4.740111            -0.2942653472
  4.758737            -0.3368258726
  4.777362            -0.1442222518
  4.795987            -0.2680516347
  4.814612            -0.1164649685
  4.833237            -0.1326180082
  4.851863            -0.1078474972
  4.870488            -0.1533432826
  4.889113            -0.0263539619
  4.907738             0.1628674510
  4.926363             0.3303504493
  4.944989             0.0954391805
  4.963614             0.2546236506
  4.982239             0.1008417387
  5.000864             0.0893892898
  5.019489             0.2302952077
  5.038115             0.0372167705
  5.056740            -0.1621981374
  5.075365             0.1971319922
  5.093990             0.0674820531
  5.112615            -0.1398414570
  5.131240            -0.0295349633
  5.149866             0.0057877628
  5.168491             0.0349421655
  5.187116             0.0734113387
  5.205741             0.2943051689
  5.224366             0.2577893426
  5.242992             0.3614277416
  5.261617             0.4202282187
  5.280242             0.3837765486
  5.298867             0.3228456307
  5.317492             0.2644187333
  5.336118             0.7527393982
  5.354743             0.7685889187
  5.373368             0.6105439655
  5.391993             0.7022048044
  5.410618             0.6923416837
  5.429244             0.7658665801
  5.447869             0.8331999378
  5.466494             0.8842851337
  5.485119             0.7794489871
  5.503744             0.8568692672
  5.522370             0.7932006804
  5.540995             0.8325344801
  5.559620             0.6889784907
  5.578245             0.5792237343
  5.596870             0.5451783689
  5.615495             0.5742055590
  5.634121             0.4062216547
  5.652746             0.2145567189
  5.671371             0.2742819866
  5.689996             0.1879115237
  5.708621             0.0324026640
  5.727247            -0.0136324097
  5.745872            -0.0489278735
  5.764497            -0.0532785722
  5.783122            -0.0407728504
  5.801747            -0.2152451491
  5.820373            -0.2001114705
  5.838998            -0.2013294153
  5.857623            -0.2073154391
  5.876248            -0.2181336182
  5.894873            -0.2117382738
  5.913499            -0.4167768268
  5.932124            -0.3369126845
  5.950749            -0.4187911581
  5.969374            -0.4039329257
  5.987999            -0.2531386875
  6.006625            -0.2306397010
  6.025250            -0.2270230175
  6.043875            -0.0067714334
  6.062500            -0.0201495325
  6.081125            -0.1375989173
  6.099750            -0.0993830425
  6.118376            -0.1650572800
  6.137001            -0.2424160053
  6.155626            -0.3855305435
  6.174251            -0.1956020351
  6.192876            -0.2713206359
  6.211502            -0.3835639214
  6.230127            -0.3656926623
  6.248752            -0.3627644902
  6.267377            -0.3885244036
  6.286002            -0.2475453777
  6.304628            -0.3648291318
  6.323253            -0.2582347661
  6.341878            -0.2665392640
  6.360503            -0.2663596217
  6.379128            -0.1672564091
  6.397754            -0.1035981340
  6.416379             0.0391854677
  6.435004             0.1003186860
  6.453629             0.1205500333
  6.472254            -0.0504042618
  6.490880            -0.1865930518
  6.509505            -0.0539369414
  6.528130            -0.0410887082
  6.546755             0.2668878448
  6.565380             0.0060719651
  6.584005             0.2023991415
  6.602631             0.2552877324
  6.621256             0.4140474729
  6.639881             0.5008259650
  6.658506             0.6873315263
  6.677131             0.6489802777
  6.695757             0.8102701348
  6.714382             0.6168974484
  6.733007             0.5433611584
  6.751632             0.1662575701
  6.770257             0.0406663495
  6.788883            -0.0828567953
  6.807508            -0.0585949060
  6.826133            -0.1775537984
  6.844758            -0.2762039983
  6.863383            -0.2015695424
  6.882009            -0.1099663073
  6.900634            -0.1618346495
  6.919259            -0.1134956501
  6.937884             0.0821673303
  6.956509             0.1788260471
  6.975135             0.0319600610
  6.993760            -0.0688400918
  7.012385            -0.1996910240
  7.031010            -0.1548835618
  7.049635            -0.1648911286
  7.068260            -0.0953818881
  7.086886            -0.0170036763
  7.105511            -0.2812167017
  7.124136            -0.2124603993
  7.142761            -0.2470043768
  7.161386            -0.2945076972
  7.180012            -0.1478046778
  7.198637            -0.1284510122
  7.217262            -0.2973634653
  7.235887            -0.2997013704
  7.254512            -0.3244548263
  7.273138            -0.2595315506
  7.291763             0.0097518083
  7.310388             0.0191355017
  7.329013             0.0046742640
  7.347638            -0.1921218036
  7.366264            -0.0619901106
  7.384889             0.0975883089
  7.403514             0.2532450377
  7.422139            -0.0209308351
  7.440764            -0.1515526728
  7.459390             0.0488880741
  7.478015             0.3174936520
  7.496640             0.1148095990
  7.515265             0.1437267315
  7.533890             0.0380958614
  7.552515            -0.2484915456
  7.571141            -0.2356769909
  7.589766            -0.1594066257
  7.608391            -0.0470909543
  7.627016            -0.2531932167
  7.645641            -0.0849381244
  7.664267             0.0210241052
  7.682892            -0.0010235204
  7.701517            -0.0115266738
  7.720142             0.0187403869
  7.738767            -0.0121542321
  7.757393            -0.2655841868
  7.776018            -0.2655894818
  7.794643            -0.2884456464
  7.813268            -0.3783281696
  7.831893            -0.3587857327
  7.850519            -0.2095311677
  7.869144            -0.0955594760
  7.887769            -0.3137829963
  7.906394            -0.4122075254
  7.925019            -0.1844497571
  7.943645            -0.2673502558
  7.962270            -0.4905420782
  7.980895            -0.3087903143
  7.999520            -0.4355053149
  8.018145            -0.6457402852
  8.036770            -0.8968108960
  8.055396            -0.9070758865
  8.074021            -1.0564245707
  8.092646            -0.7021489687
  8.111271            -0.9139824348
  8.129896            -0.7171849795
  8.148522            -0.4933123686
  8.167147            -0.3255552949
  8.185772            -0.3161850576
  8.204397            -0.2887920972
  8.223022             0.0814334604
  8.241648             0.1524846335
  8.260273             0.1303717966
  8.278898             0.4833975377
  8.297523             0.3895630354
  8.316148             0.1518915187
  8.334774             0.0438727168
  8.353399             0.2487538021
  8.372024             0.6652017145
  8.390649             0.4256767201
  8.409274             0.4811369606
  8.427900             0.4091446449
  8.446525             0.4276909243
  8.465150             0.2643732867
  8.483775             0.7866714706
  8.502400             1.0431672481
  8.521025             1.2234936663
  8.539651             1.1962412842
  8.558276             1.3655240936
  8.576901             1.2519764521
  8.595526             1.1597699694
  8.614151             1.1932684596
  8.632777             1.1216459880
  8.651402             1.2536132344
  8.670027             1.1871511766
  8.688652             0.8873124897
  8.707277             0.9420652300
  8.725903             0.5205705086
  8.744528             0.0036220355
  8.763153            -0.6378453242
  8.781778            -0.8422761413
  8.800403            -0.9485437441
  8.819029            -0.7914174860
  8.837654            -1.1319242939
  8.856279            -1.2728613948
  8.874904            -1.1195152400
  8.893529            -1.0005487698
  8.912155            -0.6639976773
  8.930780            -0.3847202491
  8.949405            -0.4559298333
  8.968030            -0.3976265840
  8.986655            -0.4891466016
  9.005280            -0.5577415880
  9.023906            -0.2161907319
  9.042531            -0.3546870420
  9.061156            -0.2783420227
  9.079781             0.4130278573
  9.098406             0.8263396669
  9.117032             0.3286699804
  9.135657             0.5547588134
  9.154282             0.7380492794
  9.172907             0.7735970090
  9.191532             1.4100543779
  9.210158             1.3450047897
  9.228783             1.5294673200
  9.247408             1.0709914196
  9.266033             1.1565768364
  9.284658             0.9416577241
  9.303284             0.6027886725
