# G(r) from X-rays diffraction
  0.009313            -0.0102459753
  0.027938            -0.0307379259
  0.046563            -0.0512298765
  0.065188            -0.0717218271
  0.083813            -0.0922137777
  0.102439            -0.1127057283
  0.121064            -0.1331976789
  0.139689            -0.1536896295
  0.158314            -0.1741815801
  0.176939            -0.1946735307
  0.195565            -0.2151654813
  0.214190            -0.2356574319
  0.232815            -0.2561493824
  0.251440            -0.2766413330
  0.270065            -0.2971332836
  0.288690            -0.3176252342
  0.307316            -0.3381171848
  0.325941            -0.3586091354
  0.344566            -0.3791010860
  0.363191            -0.3995930366
  0.381816            -0.4200849872
  0.400442            -0.4405769378
  0.419067            -0.4610688884
  0.437692            -0.4815608390
  0.456317            -0.5020527896
  0.474942            -0.5225447402
  0.493568            -0.5430366908
  0.512193            -0.5635286414
  0.530818            -0.5840205920
  0.549443            -0.6045125426
  0.568068            -0.6250044932
  0.586694            -0.6454964438
  0.605319            -0.6659883944
  0.623944            -0.6864803450
  0.642569            -0.7069722956
  0.661194            -0.7274642462
  0.679820            -0.7479561967
  0.698445            -0.7684481473
  0.717070            -0.7889400979
  0.735695            -0.8094320485
  0.754320            -0.8299239991
  0.772945            -0.8504159497
  0.791571            -0.8709079003
  0.810196            -0.8913998509
  0.828821            -0.9118918015
  0.847446            -0.9323837521
  0.866071            -0.9528757027
  0.884697            -0.9733676533
  0.903322            -0.9938596039
  0.921947            -1.0143515545
  0.940572            -1.0347138225
  0.959197            -1.0536823156
  0.977823            -1.0596108696
  0.996448            -1.0393982000
  1.015073            -0.9634977524
  1.033698            -0.9394001951
  1.052323            -0.9586754067
  1.070949            -1.0069550617
  1.089574            -1.0208919311
  1.108199            -1.0062428343
  1.126824            -1.0509621446
  1.145449            -1.1444563782
  1.164075            -1.2294473128
  1.182700            -1.2888627079
  1.201325            -1.3184236506
  1.219950            -1.3418799563
  1.238575            -1.3627147146
  1.257200            -1.3832066652
  1.275826            -1.4036986158
  1.294451            -1.4241905664
  1.313076            -1.4427325414
  1.331701            -1.4055706413
  1.350326            -1.1751528931
  1.368952            -0.8014655596
  1.387577            -0.5283151891
  1.406202            -0.6442792716
  1.424827            -0.8234733732
  1.443452            -0.8888412940
  1.462078            -0.9320931430
  1.480703            -0.9313433729
  1.499328            -0.8664705527
  1.517953            -0.8710590192
  1.536578            -0.9470687305
  1.555204            -1.0574815266
  1.573829            -1.1998771791
  1.592454            -1.3314930618
  1.611079            -1.4524914104
  1.629704            -1.5013574432
  1.648330            -1.3648809397
  1.666955            -0.9157401701
  1.685580             0.0354977371
  1.704205             1.7456493812
  1.722830             3.6160688047
  1.741455             5.2223865939
  1.760081             6.1200652314
  1.778706             6.5899082146
  1.797331             5.7164031593
  1.815956             4.5387161751
  1.834581             3.6879203299
  1.853207             2.6589319923
  1.871832             2.1911494893
  1.890457             1.9167484245
  1.909082             1.8079665658
  1.927707             1.4498307651
  1.946333             0.7909558448
  1.964958             0.2920142652
  1.983583            -0.2665130629
  2.002208            -0.8349337917
  2.020833            -1.2715650640
  2.039459            -1.5528449710
  2.058084            -1.7741613324
  2.076709            -1.9355740341
  2.095334            -2.0178513423
  2.113959            -2.0996623243
  2.132585            -2.1238102166
  2.151210            -2.1773402830
  2.169835            -2.1640210289
  2.188460            -2.1549217804
  2.207085            -2.0922193324
  2.225710            -1.9562064529
  2.244336            -1.7030049111
  2.262961            -1.4276296912
  2.281586            -1.2534729622
  2.300211            -1.1033666180
  2.318836            -0.9625926615
  2.337462            -0.9322009128
  2.356087            -0.7021151731
  2.374712            -0.8159856165
  2.393337            -0.9793273369
  2.411962            -1.1191592102
  2.430588            -1.2254902050
  2.449213            -1.3658945797
  2.467838            -1.3497478091
  2.486463            -1.2275339059
  2.505088            -1.2982950336
  2.523714            -1.1100230786
  2.542339            -1.2768627028
  2.560964            -1.3372423028
  2.579589            -1.2630783767
  2.598214            -1.3099777728
  2.616840            -1.3727694542
  2.635465            -1.3616278673
  2.654090            -1.2507514453
  2.672715            -0.9700721201
  2.691340            -0.7317536483
  2.709965            -0.5170100318
  2.728591            -0.3608765020
  2.747216            -0.1406546815
  2.765841             0.0877421752
  2.784466             0.2226567219
  2.803091             0.2220763179
  2.821717             0.5923070625
  2.840342             0.6074169110
  2.858967             0.8345152517
  2.877592             1.0500660869
  2.896217             1.3275927796
  2.914843             1.4592176893
  2.933468             1.5591831535
  2.952093             1.8167410357
  2.970718             2.1618137792
  2.989343             2.2299842876
  3.007969             2.2013564518
  3.026594             2.3652383693
  3.045219             2.4451512470
  3.063844             2.2685395363
  3.082469             2.3606598589
  3.101095             2.1716136703
  3.119720             1.8658660440
  3.138345             1.9404767308
  3.156970             1.6509105375
  3.175595             1.1239726744
  3.194220             1.0108857566
  3.212846             0.7936792721
  3.231471             0.6811210701
  3.250096             0.7270423330
  3.268721             0.6446384872
  3.287346             0.6377528958
  3.305972             0.5565564733
  3.324597             0.4016071745
  3.343222             0.0818770774
  3.361847             0.0222044039
  3.380472            -0.0118792166
  3.399098            -0.2956019442
  3.417723            -0.4313510031
  3.436348            -0.4267489620
  3.454973            -0.4409624114
  3.473598            -0.4339872190
  3.492224            -0.5741694466
  3.510849            -0.5714528666
  3.529474            -0.5296659466
  3.548099            -0.5482485646
  3.566724            -0.4151371747
  3.585350            -0.4940401621
  3.603975            -0.4300946860
  3.622600            -0.4084552677
  3.641225            -0.4530417348
  3.659850            -0.4517226185
  3.678475            -0.4139766727
  3.697101            -0.4320514038
  3.715726            -0.4835087386
  3.734351            -0.4274865210
  3.752976            -0.5266104149
  3.771601            -0.5061241709
  3.790227            -0.4438898217
  3.808852            -0.3833122524
  3.827477            -0.4691244804
  3.846102            -0.4501134362
  3.864727            -0.5125463838
  3.883353            -0.5719866010
  3.901978            -0.5754575954
  3.920603            -0.5491000307
  3.939228            -0.5470493655
  3.957853            -0.4062531471
  3.976479            -0.3350419054
  3.995104            -0.3670533411
  4.013729            -0.3223338137
  4.032354            -0.2482901009
  4.050979            -0.0781087530
  4.069605            -0.0032723894
  4.088230            -0.0393237049
  4.106855            -0.0921925208
  4.125480             0.0146879495
  4.144105             0.0567812085
  4.162730             0.0797537510
  4.181356             0.1027917743
  4.199981             0.0679213264
  4.218606             0.0858911026
  4.237231             0.0785855105
  4.255856            -0.0148934881
  4.274482            -0.1366555630
  4.293107            -0.1665690671
  4.311732            -0.1631519041
  4.330357            -0.0606510148
  4.348982            -0.0246301347
  4.367608            -0.1037643721
  4.386233            -0.0974779716
  4.404858             0.1095125351
  4.423483             0.0889841681
  4.442108             0.3499733594
  4.460734             0.4425620999
  4.479359             0.3854072663
  4.497984             0.5157853742
  4.516609             0.6618586219
  4.535234             0.5212815566
  4.553860             0.5376223799
  4.572485             0.4526163789
  4.591110             0.3193990093
  4.609735             0.0680142775
  4.628360             0.1914675340
  4.646985             0.3821213307
  4.665611             0.1584159030
  4.684236             0.0479441919
  4.702861             0.0014689518
  4.721486             0.0721655578
  4.740111             0.0831092328
  4.758737             0.0915358338
  4.777362             0.2192083802
  4.795987             0.2291910119
  4.814612             0.3373420989
  4.833237             0.2643995976
  4.851863             0.1821196519
  4.870488             0.2874698020
  4.889113             0.1429171805
  4.907738             0.1622544628
  4.926363             0.3409612567
  4.944989             0.2180690270
  4.963614             0.4224181968
  4.982239             0.2146329540
  5.000864             0.2874886254
  5.019489             0.3405961821
  5.038115             0.1240300643
  5.056740            -0.0468247558
  5.075365             0.0341227576
  5.093990            -0.1594652572
  5.112615            -0.3179648522
  5.131240            -0.2920849363
  5.149866            -0.4034370077
  5.168491            -0.2970753381
  5.187116            -0.1920802300
  5.205741            -0.0231936656
  5.224366             0.0976127421
  5.242992             0.0898827522
  5.261617             0.0858072843
  5.280242             0.2128901028
  5.298867             0.1299510329
  5.317492             0.0570534673
  5.336118             0.2413065344
  5.354743             0.1930103904
  5.373368             0.1058767764
  5.391993             0.2019565820
  5.410618             0.1195831698
  5.429244             0.1528886673
  5.447869             0.1459884824
  5.466494             0.0814564919
  5.485119             0.0971956987
  5.503744             0.1578383576
  5.522370             0.1056017598
  5.540995             0.1328648695
  5.559620             0.1168376066
  5.578245             0.0647652250
  5.596870             0.1892901812
  5.615495             0.2644295921
  5.634121             0.1173923561
  5.652746             0.1046021276
  5.671371             0.1063053262
  5.689996             0.0351318262
  5.708621            -0.0762499246
  5.727247             0.0085599787
  5.745872            -0.0132969495
  5.764497             0.0019657043
  5.783122             0.0438140110
  5.801747             0.1154364960
  5.820373             0.1626060986
  5.838998             0.3043956470
  5.857623             0.3472833393
  5.876248             0.4096145985
  5.894873             0.4265661174
  5.913499             0.2876384623
  5.932124             0.1840302705
  5.950749             0.0984579277
  5.969374            -0.0176874931
  5.987999             0.0744200568
  6.006625             0.0434296371
  6.025250             0.1662683663
  6.043875             0.2605167943
  6.062500             0.1762314496
  6.081125             0.1397983963
  6.099750             0.1326014026
  6.118376             0.0049208748
  6.137001            -0.0209655000
  6.155626            -0.1915735694
  6.174251            -0.3349433836
  6.192876            -0.4113978826
  6.211502            -0.4431014896
  6.230127            -0.4651750907
  6.248752            -0.3619024450
  6.267377            -0.4600823030
  6.286002            -0.3465371424
  6.304628            -0.3559465865
  6.323253            -0.4278086683
  6.341878            -0.2867334652
  6.360503            -0.1424399321
  6.379128            -0.1771314059
  6.397754            -0.2427065615
  6.416379            -0.0887378658
  6.435004            -0.0020146350
  6.453629             0.0590965379
  6.472254            -0.0922064482
  6.490880            -0.1007399225
  6.509505             0.0446117979
  6.528130             0.0997783337
  6.546755             0.1828417398
  6.565380            -0.0367179835
  6.584005             0.0188494976
  6.602631             0.0720164584
  6.621256             0.1093275413
  6.639881             0.1918387057
  6.658506             0.3903235127
  6.677131             0.2224947910
  6.695757             0.4361058893
  6.714382             0.3239124215
  6.733007             0.2988583228
  6.751632             0.0426739351
  6.770257            -0.0188236465
  6.788883            -0.1217748539
  6.807508             0.0275149844
  6.826133            -0.1358587175
  6.844758             0.0901359525
  6.863383             0.1885270544
  6.882009             0.1543390383
  6.900634             0.2091828782
  6.919259             0.1619052023
  6.937884             0.3434935378
  6.956509             0.3114505109
  6.975135             0.2229672780
  6.993760            -0.0272057667
  7.012385            -0.2011341276
  7.031010            -0.2514642842
  7.049635            -0.2671702504
  7.068260            -0.2384774164
  7.086886            -0.3356300018
  7.105511            -0.4652257373
  7.124136            -0.3297406684
  7.142761            -0.5520413180
  7.161386            -0.4824743857
  7.180012            -0.4254296337
  7.198637            -0.3458183353
  7.217262            -0.4068779995
  7.235887            -0.3025806679
  7.254512            -0.2794606687
  7.273138            -0.1335184081
  7.291763             0.0261191223
  7.310388            -0.1080946593
  7.329013            -0.1598842724
  7.347638            -0.1329978207
  7.366264            -0.0413972752
  7.384889             0.2079034633
  7.403514             0.2314224956
  7.422139            -0.1206519966
  7.440764            -0.2350224263
  7.459390            -0.0652547633
  7.478015             0.1248001158
  7.496640            -0.0090577620
  7.515265             0.1967058192
  7.533890             0.1973004202
  7.552515             0.0154189741
  7.571141            -0.0013615714
  7.589766            -0.0721363497
  7.608391            -0.0892350097
  7.627016            -0.1048515936
  7.645641            -0.0357589219
  7.664267            -0.0476862025
  7.682892             0.0914108622
  7.701517            -0.0077817123
  7.720142            -0.0377340023
  7.738767             0.0510945100
  7.757393             0.2691853773
  7.776018             0.1839029202
  7.794643             0.0140619794
  7.813268            -0.1270210488
  7.831893            -0.0420530803
  7.850519            -0.1042115696
  7.869144             0.1624897894
  7.887769            -0.0495167055
  7.906394             0.0288759059
  7.925019             0.0047309773
  7.943645            -0.0644747399
  7.962270            -0.2299526577
  7.980895             0.0496064131
  7.999520            -0.2207604266
  8.018145            -0.1769366376
  8.036770            -0.3558656564
  8.055396            -0.1620742464
  8.074021            -0.2435901981
  8.092646             0.0168776061
  8.111271            -0.4672869544
  8.129896            -0.3849956438
  8.148522            -0.2406288084
  8.167147            -0.1288065695
  8.185772            -0.1525015477
  8.204397            -0.0249772560
  8.223022             0.1982894933
  8.241648             0.3814931154
  8.260273             0.3815404197
  8.278898             0.6592295581
  8.297523             0.8735000388
  8.316148             0.4937138391
  8.334774             0.5862553171
  8.353399             0.4122366901
  8.372024             0.4088391726
  8.390649             0.3758713846
  8.409274             0.5145732473
  8.427900             0.4655931300
  8.446525             0.3283324496
  8.465150             0.2873233804
  8.483775             0.5782084271
  8.502400             0.6482446055
  8.521025             0.6819240109
  8.539651             0.6420232486
  8.558276             0.6460343604
  8.576901             0.7195632658
  8.595526             0.6649109198
  8.614151             0.6973753797
  8.632777             0.5171026226
  8.651402             0.4642086356
  8.670027             0.3412040361
  8.688652             0.1078670689
  8.707277            -0.0644848350
  8.725903            -0.1853572814
  8.744528            -0.3950109909
  8.763153            -0.5950979712
  8.781778            -0.7623785909
  8.800403            -0.7384250854
  8.819029            -0.5811867297
  8.837654            -0.6351364757
  8.856279            -0.6778947333
  8.874904            -0.5315744382
  8.893529            -0.5422720009
  8.912155            -0.5869677154
  8.930780            -0.3655914038
  8.949405            -0.6339542191
  8.968030            -0.2540773206
  8.986655            -0.5078812406
  9.005280            -0.7351830586
  9.023906            -0.0785028181
  9.042531             0.0960583310
  9.061156             0.3209727160
  9.079781             1.0181791208
  9.098406             0.9739545095
  9.117032             0.6024930936
  9.135657             0.4841141892
  9.154282             0.1090425686
  9.172907             0.1139497857
  9.191532             0.2584284393
  9.210158             0.0600096302
  9.228783             0.1021400841
  9.247408             0.2060740470
  9.266033            -0.4691116625
  9.284658             0.0019126209
  9.303284             0.0603611500
